Gene	A2SDay2Rep2_ccacgcccgatggagtga	A2SDay2Rep2_gtttcattcttgggacga	A2SDay2Rep1_taatagcagactggccat	A2SDay2Rep1_aggttagtggtgtgttcg	A2SDay2Rep2_ggattggtttcactcaat	A2SDay2Rep1_gccgttcaccacttcgca	A2SDay2Rep1_cggcgtaagtatcttacg	A2SDay2Rep2_agcacggctccctcatca	A2SDay2Rep1_agcacggaaggggaaggg	A2SDay2Rep1_tatttctaatagtaatag	A2SDay4Rep2_gtacagagatgttctagc	A2SDay4Rep2_tgtgtagtcctattaaga	A2SDay4Rep1_ggccattgtgtatggcag	A2SDay4Rep1_ttaagatgttcgtgtgta	A2SDay4Rep1_tttgggacccaagtggtg	A2SDay4Rep1_tgcggtcttacgcataga	A2SDay4Rep2_cctctagaggcctctagc	A2SDay4Rep2_tccaagcaagtcatactt	A2SDay4Rep2_cactgtccacgctagagg	A2SDay4Rep2_tatttccgttatcaagtc	A2SDay6Rep1_tggcaggcttgtgttaac	A2SDay6Rep1_aagtatgctccctcagtg	A2SDay6Rep2_cctctagatcaatggcag	A2SDay6Rep2_acccaacactgtcgcata	A2SDay6Rep2_ctattacctctactgtgg	A2SDay6Rep2_atccgggcgcggtccaag	A2SDay6Rep2_tgagacgtacagtcggga	A2SDay6Rep2_ccgatgtatttcgctgag	A2SDay6Rep2_cagacttgctaagaaggg	A2SDay6Rep1_atgaaggtcctagcgcgg	FBSDay12Rep1_tgtgtagccgttagtaaa	FBSDay12Rep1_gctgagcagactcgttat	FBSDay12Rep1_cggtccttggatgagtga	FBSDay12Rep1_aattggccacgctcagtg	FBSDay12Rep1_caaccgaaagaatgagac	FBSDay12Rep2_gtggtggttaactatttc	FBSDay12Rep1_gaggccgctccccaggag	FBSDay12Rep2_tctagccgagcacaggag	FBSDay12Rep2_agtaaactaggttgagac	FBSDay12Rep1_cttacgacaagggagtga	FBSDay3Rep1_aagccacaggagcgagca	FBSDay3Rep2_ggtaggcgaaagacaagg	FBSDay3Rep2_atccggtctagcggattg	FBSDay3Rep2_gtcggcgcgcggcctcta	FBSDay3Rep2_ctattacttgaagcgcgg	FBSDay3Rep2_cggtcctggcaggtcggc	FBSDay3Rep2_acccaaaaagaacggtcc	FBSDay3Rep2_cgaaagaacgtgtgcggt	FBSDay3Rep2_atccggtcagtgtgttcg	FBSDay3Rep2_ccgatgaaagaagaaata	FBSDay6Rep2_cagacttgtgtaatccgg	FBSDay6Rep2_aagccaagtctgagtaaa	FBSDay6Rep1_caggagcttacggtttca	FBSDay6Rep1_aggttagtggtgcaggag	FBSDay6Rep1_acccaacggtccagtaaa	FBSDay6Rep1_tatttcgaggcctatttc	FBSDay6Rep2_ggtagggccagatgcggt	FBSDay6Rep1_aagccactaggtgcgcgg	FBSDay6Rep1_tcgggacgttatcaagtc	FBSDay6Rep1_caggaggtcggctgtgta	FBSDay9Rep2_atacttcagactttggat	FBSDay9Rep1_agacccgctgagtgaatt	FBSDay9Rep2_aacgtggcgaatctgtgg	FBSDay9Rep1_gaaatattgctccactgt	FBSDay9Rep1_atagcgttggatcaccac	FBSDay9Rep1_gcgcggccgtaagttaac	FBSDay9Rep2_gccgttctattatgttcg	FBSDay9Rep1_cggtccgtttcacactgt	FBSDay9Rep1_ggtagggaagggaccttc	FBSDay9Rep1_aacagcaagccagaggcc	FBSmESCsRep1_cctctacggtccgcgcgg	FBSmESCsRep1_attagtgagtgaccgatg	FBSmESCsRep1_caggaggccgttggattg	FBSmESCsRep1_tgaattattagttcatca	FBSmESCsRep2_agcacgccacgccgcata	FBSmESCsRep1_cttgaaaggttaaaagaa	FBSmESCsRep1_agcacggggatcgagtga	FBSmESCsRep1_agacccccgatgcgcata	FBSmESCsRep1_gaggccctattagctgag	FBSmESCsRep2_aattggcttacggagctt	MEFDay0Rep1_aggttagaaatagaggcc	MEFDay0Rep1_gaaataaccttctgtgta	MEFDay0Rep2_ggccatttggatcataga	MEFDay0Rep1_attagttgcggttaccga	MEFDay0Rep2_atatacacccaaagtaaa	MEFDay0Rep2_agcacgcggtccaagtat	MEFDay0Rep2_ggacgactattagcttgt	MEFDay0Rep2_agtaaattcgcaacccaa	MEFDay0Rep2_tccaagccgtaattgctc	MEFDay0Rep2_gtacaggaaatatcagtg
Abat	0	0	0	0	0	0	0	0	0	0	0	0	0	0	0	0	0	0	0	0	0	0	0	0.866004	0	0	0	0	0	0	0	0	0.748481	0	1.148137	0	0.935888	0	0	0	0	0	0	0	0	0	0	0	0	0	0	1.277232	0	0	0	1.57779	0	0	0	0	1.345102	2.066237	1.118663	1.430178	0	0	0	0	0	1.110666	0	0	0	0.789018	0	0	0	0	0	0	0	0	0.648763	0	0	0	0	0	0.99425	0
Abca1	0	0	0	0	0	1.239109	0	0	0	0	0	0	0	0.962562	0	0	0	0	0	0	0	0	0	0	0	0	0	0	0	0	1.433996	0	0	1.576417	0	0	1.323546	0	1.079584	0	0	1.18578	0	0	0.967528	0	0	1.587668	2.108654	0	1.239871	2.019481	0	0	0	0	0	0	0	0	0	0	0	0	0.871809	0.763136	0	0	0	0	0	0	0	0	0	0	0	0.755239	0	0	0	0	0	0	0	0	0	0	0	0
Acap2	1.526495	0	1.277962	0.756156	0.868106	0.7154	0	0	0	0	0	1.189381	0	0	0	0	0.73739	0	1.186782	0	2.929479	0	0	1.224714	0	0.920633	0	0.688428	1.104922	0	0	0	1.673655	0	0.811855	0	1.621006	1.703007	0	1.983214	0	1.18578	0.754432	0	0.967528	0	0	1.449336	0	1.266296	1.239871	0.903139	0	0	0.608468	0	0	0	0	0	0	1.746289	2.740155	1.430178	1.510018	1.321791	0.896546	0	0	1.360282	1.145572	0	1.248992	0.789018	0	1.065459	0.664778	1.068069	1.047681	1.288955	1.528188	0	0.917489	0	0	0.712326	0.819617	1.129349	0	0
Acta2	0	0	0	2.268467	3.579292	2.262293	1.759188	1.576417	2.732812	20.16934	5.188063	0	0	0.962562	0	3.679271	1.47478	2.539184	0	0	0	0	0	0	0	0	0	0	0	0	1.433996	0	2.698687	0	0	0	8.265541	0.983231	3.053524	0.991607	2.880204	2.651485	2.263297	9.928551	7.272568	0	2.745968	2.425203	3.652295	1.266296	0	6.574954	0	0	6.410608	4.174439	0	9.476153	2.232721	5.215223	3.294814	0	4.185655	3.503205	1.743619	2.289409	1.267907	6.03427	0	1.360282	0	0	0	0	0	0	0	0	0	0	10.09838	9.074182	6.519985	4.404133	5.865505	4.831229	6.658601	7.231361	8.892842	10.258004
Actn4	1.869567	0	1.475663	2.619401	3.13	1.599683	1.880651	2.22939	2.732812	1.826046	3.149035	1.682039	0	2.722538	2.107357	2.781267	2.759061	2.838894	2.373563	1.250684	2.071455	2.16211	1.584609	1.224714	4.442909	2.603944	0	2.065285	1.353247	0.670085	2.867992	1.667014	2.993925	2.22939	2.147967	2.310737	2.292449	1.390499	2.644429	2.2173	3.093836	2.37156	2.921904	3.021162	2.559839	0	1.228034	2.970255	2.108654	2.532593	3.506884	2.855977	1.467576	2.211329	2.980872	2.732812	1.888137	3.09078	1.578772	1.971169	2.690204	1.561928	1.937582	2.47714	3.262012	1.706425	2.535814	1.384357	2.896827	2.356077	2.14317	2.538547	2.163318	2.087544	2.156029	1.845429	2.574676	2.504844	1.283141	1.822858	2.334345	3.764342	3.37107	3.684762	3.154075	3.264287	3.477341	4.373949	5.0697	3.566469
Aldh2	1.079395	1.970659	1.043451	1.195587	0.613844	1.239109	0.664911	1.576417	0	0	1.68323	1.189381	1.566521	1.925125	1.168951	1.390634	0	1.269592	0	0	0	0.882678	1.120488	1.224714	0	0.920633	0	1.539373	0	0.670085	2.027976	0	0.748481	2.949206	1.148137	1.633937	1.621006	1.390499	2.414023	1.717513	1.129709	0	0.533464	1.351105	0	0	0	0.648163	0	0	1.239871	0	1.467576	2.211329	1.053897	0	0	0	1.578772	0	1.345102	2.066237	0	0	1.743619	2.289409	2.689637	0	1.672484	0.785359	1.145572	1.465631	1.248992	0.789018	0	1.065459	1.15143	1.068069	1.283141	0	0	0	0.917489	0	0.643823	1.007381	1.159114	0	0	0
Aldoc	0	0	0	0	0	0	0	0	0	0	0	0	0	0	0	0	0	0	0	0	2.537004	0	0	0.866004	0	0	0	0.688428	0	0	0	0	0	0	0	0.943354	0	0	1.079584	0	0	0	0	0	0	0	0	0	0	0	0	0	2.075466	0	0	4.733369	0	0	0	0	0	0	0	0	0	0	0.896546	0	1.672484	0	0	0	0.721106	0	0	0	0	1.308112	0	0	0	0	0	0	0	0	0	0	0	0
Ap1m2	0	0	0	0	0	0	0	0	0	0	0	0	0	0	0	0	0	0	0	0	0	0	0	0	0	0	0	1.686298	0	0	0	0	0	0	0	0	0	0	0	0	0	0	0	0	0	0	0	0	0	0	0	0	0	0	0	0	0	0	0	0	0	0	0	0	0	0	0	0	0	0	0.810042	0.846182	1.612442	0.789018	0	0	0.664778	0.755239	1.047681	1.578641	0	0	0	0	0	0	0	0	0	0
Apobec1	1.079395	0	0.737832	0	0.868106	0	0	1.576417	0	0	0	1.189381	0	0.962562	0	0	0.73739	0	0	0	0	0	0	0.866004	0	0	0	0.688428	0.781298	0.670085	0	0.680556	1.058512	1.114695	0	0	1.871777	0	1.079584	1.402344	0	0	0.533464	0	0	0	0	0	0	0.731097	0	0.903139	0	0	0	1.57779	0	0	0	0	0	0	1.118663	0	0	0	0	0	0	0	0.810042	0	0	0	0	0	0	0	1.283141	0	0	0	0	0	0	0	0	0	0	0
Apod	1.079395	0	0	0.756156	0	0	0	1.576417	0	0	0	0	0	0	0	0	0	0	0	0	1.46474	0	0	0	0	0	0	0	0	0	0	0.680556	0.748481	1.930708	0	0	5.210805	1.390499	0	0.991607	0	0	0.533464	0	0	0	0	0.916641	2.108654	1.033927	0	3.723739	3.2816	0	0.608468	3.864779	0	0	0	1.138055	0	2.342892	4.033398	0	2.306591	1.079238	0	0	0	0	0	0.846182	0	0	0	0	0	0	0	0	0	0	0	0	0	0	0	0	0	0
Apoe	0	0	0	0	0	0	0	0	0	0	0	0	0	1.361269	0	0	0	0	0	1.250684	2.537004	2.92751	0	0	0	1.127541	2.9127	1.686298	3.314765	3.213617	0	0.680556	0	0	0.811855	1.633937	0	0	0	0	0	0	0	0	0	0	0	0	0	0	0	0.903139	0	0	0	0	0	0	0	0	0	0	0	0	0	0	0	0	0	0	0	2.238788	1.019798	1.115839	1.524543	2.609831	1.329557	1.308112	0.740822	1.822858	0	0	0.648763	0	0	0	0	0	0	0
B2m	5.287934	5.573864	6.304036	5.78348	5.061884	5.985464	4.098785	4.170806	4.266601	6.32561	1.190223	1.682039	1.566521	3.968747	1.653147	4.817296	4.038852	3.109852	2.055566	1.768734	6.214364	2.648033	3.361463	2.121267	1.986929	2.983192	0	2.177002	3.025953	1.641367	1.433996	1.361111	4.299697	1.930708	1.62371	0	2.959539	0	1.526762	1.402344	2.988929	4.436783	4.366593	5.889329	4.217357	3.659625	3.249073	5.020648	2.982087	5.012145	2.147519	2.019481	0	1.563646	3.599745	4.174439	2.437575	3.38578	1.578772	2.544768	3.294814	4.20562	3.35599	3.503205	5.374194	1.706425	2.004737	7.058861	3.344968	1.756116	0	0	1.248992	1.93269	1.078014	1.506786	0.664778	0.755239	1.047681	0	3.845854	2.902683	3.726858	4.491352	2.575291	2.568327	4.489228	4.98707	3.850714	3.877161
Bspry	0	0	0	0	0	0	0.664911	0	0	0	0	0	1.566521	0	0.826573	0	0	0	0	0	0	0	0	0	0	0	1.100897	0	0	0	0	0.962451	0	0	0	0	0	0	0	0	0	0	0	0	0	0	0	0	0	0	0	0	0	0	0	0	0	0	0	0	0	0	0	0	0	0	0	0	0	0	0	0	0	0.789018	1.078014	0	0.664778	0	0.740822	0	0	0	0	0	0	0	0	0	0	0
C1qtnf1	0	0	0	0	0	1.011728	1.151659	0	0	0	0	0	0	2.722538	0.584476	2.781267	1.042827	2.198997	1.678363	0	0	0	0	0.866004	1.986929	0.650986	0	0	0	0	0	0	0.748481	1.576417	0	0	2.476128	0.983231	0	1.717513	0	0	0	0	0	0	0	0	0	0	2.147519	2.019481	0	2.211329	0.860504	0	0	0	0	0	1.647407	2.2089	1.582029	2.47714	0	1.526273	0	0	0	0	0	0	0	0	0	0	0	0	0	0	0	0	0	0	0	0	0.819617	0	0.99425	0
C1ra	1.079395	0	0	0	0	0	0	0	0	0	0	0	0	0.962562	0	1.390634	0.73739	0	0	0	0	0	0	0.866004	0	0	0	0	0	0	0	0	0.748481	1.576417	0	0	1.621006	0	0	1.402344	0	0	0	0	0.967528	0	0	0	0	0	1.239871	0.903139	0	1.563646	0.608468	2.231331	0	0	0	0	1.647407	1.746289	0	0	1.743619	0	0	0	0	0	0	0	0	0	0	0	0	0	0	0	0	0	0	0.622838	0	0	0	0	0	0
C1s1	0	0	0	0	0	0.7154	0	0	0	0	0	0	0	0.962562	0	2.781267	0	1.795474	0	0	2.071455	0	0	0.866004	3.973859	0.650986	0	0	0	0	0	0	1.296407	0	0	0	0.935888	0.983231	0	0.991607	0	0	0.533464	0	0	0	0	0	0	0	0	0	0	0	0	1.57779	1.541658	0	0	0	1.345102	1.10445	1.937582	0	1.510018	0	0	3.390967	0	0	0	0	0	0	0	0	0	0	0	0	0	0	0	0	0	0	0	0	0	0
Cad	1.079395	1.970659	1.277962	1.3097	1.503604	1.011728	1.486785	0	2.160477	0	1.190223	1.189381	3.133042	1.361269	1.753427	0	1.277197	1.269592	1.186782	1.977505	1.46474	1.248295	1.120488	0	0	1.841266	2.461681	1.94717	1.562595	0.947644	0	1.361111	0	0	0.811855	2.109404	0	0	0	1.983214	1.129709	1.676946	1.066928	0	1.368291	0	0	0.916641	0	1.266296	0	1.277232	0	0	1.216936	0	0	0	0	0	1.345102	0	0	0	0	1.079238	1.267907	0	0	0	3.137279	1.196683	1.612442	1.115839	2.156029	1.506786	1.628368	1.068069	2.222466	1.578641	1.24776	1.3838	1.716465	0.622838	0.910503	0.712326	0	0.79857	1.722091	1.075331
Ccnd2	2.855811	4.406526	2.333228	1.604049	1.227687	6.195544	2.898278	0	2.556311	0	5.70811	2.378762	3.502847	6.238118	1.431667	4.39757	3.536399	4.397995	3.139929	2.501368	2.071455	0	1.584609	4.499888	3.441462	2.911298	0	1.82141	0	0	3.793996	2.257148	2.80056	4.72925	3.247421	0	5.039913	1.390499	5.177502	4.857862	2.396475	1.676946	1.600393	1.351105	1.935056	2.112886	1.228034	2.825276	5.578973	1.790813	8.03528	3.379238	2.075466	4.944682	2.193862	4.462663	7.936168	3.09078	7.060485	2.787654	5.209558	5.180329	3.875164	5.720711	4.089149	3.579427	3.586182	3.095515	4.096732	4.372695	0	0	0	0	0	0	0	0	0	0	2.49552	1.637334	1.834978	1.525636	2.135319	2.136978	2.591857	2.648558	2.630538	3.877161
Cd34	0	0	0	0	0.613844	1.011728	0.940326	0	0	0	0	0	0	2.357787	0	1.390634	1.80623	1.269592	1.678363	0	1.46474	0	0	0	0	0	0	0	0	0	0	0.680556	0.748481	2.730434	0	0	2.09271	2.198572	0	0	0	0	1.769301	0	2.269054	2.988072	0	2.825276	2.108654	2.532593	1.239871	3.497844	0	0	1.216936	3.155579	2.884177	1.382239	2.232721	1.971169	1.345102	2.2089	0	2.47714	1.510018	0	0	0	0	3.423301	0	0	0	0	0	0	0	0	0	0	0	0	0	0	0	0	0	0	0	0
Cd55	1.079395	0	0.737832	0.756156	0.868106	1.011728	0.664911	0	0.683203	0	0	0	0	0.962562	0	0	1.277197	0	0	0	1.46474	0	0	0	0	0.650986	0	0	0.781298	0.670085	1.433996	0	0	1.576417	0	0	0.935888	0.983231	0	1.983214	0.798825	0	0	0	0	0	0	0.916641	0	0	1.239871	1.806279	0	2.211329	0.608468	2.231331	3.083315	0	0	0	2.329785	3.123856	1.937582	3.503205	1.743619	1.706425	0	0	0	1.110666	0	0	0	0	0	1.065459	0	0	0	0	1.24776	0	0.917489	0	0	1.007381	0	0	0.99425	0
Cdh13	0	0	0.737832	0	0	0	0	0	0	0	0	0	2.215395	0	0	0	0	0	0	0.884367	1.46474	0	0	0	1.986929	0	0	0	0	0	0	0	1.296407	0	0	0	0.935888	0.983231	0	0	0	0	0	0	0	0	0	0	0	0	1.239871	1.277232	1.467576	0	1.216936	1.57779	1.541658	0	0	0	1.345102	0.780964	1.118663	0	1.232925	0	1.552862	0	0	0	0	0	0	0	0	0	0	0	0	0	1.24776	0	0	0	0	0	0	0	0	0
Cdkn2a	0	0	0.737832	0.534683	0.868106	0.7154	0.664911	1.576417	0	0	2.061527	0	0	0	0.826573	1.966653	0	0	0	0	0	0.882678	1.584609	1.224714	0	0	0	0	0	0	1.433996	1.178757	1.833397	1.114695	0.811855	0.943354	0.935888	0.983231	0	0.991607	0	0	0	0	0	0	0	1.122651	0	0	0	0.903139	0	0	0.860504	2.231331	1.541658	1.954781	0	0	1.647407	1.10445	0	0	2.465849	1.321791	1.552862	0	0	1.110666	0	0	0	0.789018	0	0	0.664778	0	0	0	0.8823	0	0	0	0	0	0	0	0	0
Cdv3	2.413601	0	1.277962	1.3097	1.227687	1.4308	1.151659	0	1.807585	0	0	1.682039	2.713294	0	1.753427	0	1.042827	0	0	1.531769	1.46474	1.528842	1.120488	0.866004	0	0.650986	0	1.686298	1.104922	1.340171	2.027976	1.667014	0	0	0.811855	0.943354	0.935888	0	0	0	1.129709	1.18578	1.600393	0	1.529796	0	1.228034	1.122651	0	1.462193	0	0	2.935152	0	0	0	0	0	0	0	0	0	0	0	0	1.079238	0.896546	0	1.672484	0	1.145572	0.846182	1.248992	2.231679	1.867176	1.065459	0.940139	1.308112	1.047681	1.288955	1.24776	1.071887	0.648763	1.868515	1.439632	1.007381	0.819617	1.785657	0	1.862528
Cfh	0	0	0	0	0	0	0	0	0	0	0	0	0	0	0	0	0	0	0	0	2.071455	0	0	1.732008	0	0	0	0	0	0	0	0	0.748481	1.930708	0	0	0.935888	0	0	0.991607	0	0	0	0	0	0	0	0	0	0	0	1.277232	0	2.708314	0	3.864779	1.888137	0	0	0	1.647407	2.590165	0	2.47714	0	0	0	0	1.672484	0	0	0	0	0	0	0	0	0	0	0	0	0	0	0	0	0	0	0	0	0
Chl1	0	0	0.737832	0.534683	0	0	0.664911	1.576417	0	0	0	0	1.566521	0	0.584476	1.966653	0	1.269592	1.678363	0	2.071455	0	1.120488	0	0	0	0	0	0	0	1.433996	0	0	1.576417	0	0	2.09271	2.780998	0	0	0.798825	0	1.192862	0	0	0	0	0	0	0	0	1.564283	0	0	0	0	0	0	0	1.138055	0	0	0	0	0	0	0	0	0	0	0	0	0	0	0	0	0	0	0	0	0	0	0	0	0	0	0	0	0	0
Cldn4	0	0	0	0	0	0	0	0	0	0	0	0	0	0	0	0	0	0	0	0	0	0.882678	0	0	0	0.650986	2.201794	1.192393	2.209844	0.670085	0	0.962451	0	0	0	0	0	0	0	0	0	0	0	0	0	0	0	0	0	0	0	0	0	0	0	0	0	0	0	0	0	0	0	0	0	0	0	0	0	0	0	0	0	0	0	1.065459	0.940139	0.755239	0	0	0	0	0	0	0	0	0	0	0	0
Cldn6	0	0	0	0	0	0	0	0	0	0	0	0	0	0	1.306927	0	0	0	0	0	0	1.973727	0	0	0	0	1.556904	1.192393	0	0	0	0	0	0	0	0	0	0	0	0	0	0	0	0	0	0	0	0	0	0	0	0	0	0	0	0	0	0	0	0	0	0	0	0	0	0	0	0	0	0	0	0	1.442212	0.789018	1.078014	0	1.329557	0	0	0	0	0	0	0	0	0	0	0	0	0
Clec3b	0	0	0	0	0	0	0	0	0	0	0	0	0	0	0	0	0	0	0	0	0	0	0	0	1.986929	0	0	0	0	0	0	0	0.748481	1.114695	0	0	0	0	0	0	0	0	0	0	0	0	0	0	0	0	1.239871	1.806279	1.467576	2.708314	0.608468	2.231331	3.083315	0	0	2.27611	1.647407	2.066237	2.237327	0	2.756903	0	0	1.384357	0	0	0	0	0	0	0	0	0	0	0	0	0	0	0	0	0	0	0	0	0	0
Clu	1.079395	0	0	0.534683	0	0	0	0	0	0	0	0	0	0	0	0	0	0	0	0	0	2.16211	0	0	2.809942	0	0	0	0	0	0	0.680556	0	0	0	0	3.10399	0	0	0.991607	0.798825	0	0	0	0	0	0	0	0	0.731097	2.147519	0.903139	0	1.563646	0	3.864779	3.615508	0	2.232721	0	3.429351	1.352669	0	0	2.135488	0	0	3.915552	0	2.356077	0	0	0	0.789018	0	0	0.664778	0	0	0	0.8823	0	0	0	0	0	0	0	0	0
Col3a1	0	1.970659	1.043451	0.534683	1.372596	1.752365	0	0	1.183342	0	0	0	0	2.887687	0	0	1.277197	1.269592	1.186782	0.884367	3.875337	0	0	0	5.960788	0	0	0	0	0	0	0	9.012907	0	0	0	0	1.390499	0	0	0	2.904556	0.923987	5.055371	3.059592	2.112886	0	1.944489	2.982087	2.831525	0	3.497844	2.075466	3.830134	4.302518	2.732812	0	2.764478	0	5.45792	1.647407	0	1.582029	0	0.871809	0	0	2.768713	0	0	0	0	0	0	0	0	0	0	0	0	2.49552	0	3.178276	1.392709	1.577037	4.092001	5.374589	1.59714	3.584819	5.043749
Crb3	0	0	0	0	0	0	0	0	0	0	0	0	0	0	0	0	0	0	0	0	0	0.882678	0	0	0	0	1.556904	0.973585	0.781298	1.498356	0	0	0	0	0	0	0	0	0	0	0	0	0	0	0	0	0	0	0	0	0	0	0	0	0	0	0	0	0	0	0	0	0	0	0	0	0	0	0	0	0	0	0	1.115839	0	0	0	1.068069	0	0	0	0	0	0	0	0	0	0	0	0
Cst3	1.079395	1.970659	2.086903	1.690816	1.227687	1.599683	1.994732	1.576417	1.673499	2.582419	0	2.378762	1.566521	1.925125	1.306927	1.390634	1.648854	0	1.678363	0.884367	0	1.973727	1.120488	1.499963	3.441462	0	2.201794	0.973585	1.353247	0.947644	2.027976	0.680556	5.18563	0	0	1.334104	1.871777	2.198572	1.079584	0	1.786227	0	1.769301	4.272568	0.967528	0	2.127018	1.714878	0	1.634782	2.479741	3.497844	1.467576	1.563646	2.433872	2.732812	1.090117	1.954781	2.232721	2.787654	3.558806	2.9221	5.246997	1.430178	3.143354	1.321791	0.896546	3.390967	2.36525	1.756116	0	1.196683	0	0.789018	0	1.065459	0.664778	0	1.283141	0.911429	3.056375	1.515877	1.834978	1.525636	2.035946	1.424652	1.639234	1.383164	1.406082	1.075331
Ctsb	1.869567	0	2.857609	2.138732	2.126417	3.035184	2.102632	2.730434	1.366406	1.826046	0	2.378762	0	2.152355	1.938486	1.966653	1.277197	1.269592	1.186782	1.768734	4.394219	1.528842	2.240975	1.224714	3.441462	1.301972	2.201794	0.973585	2.343893	0.947644	1.433996	1.667014	3.175537	2.730434	0.811855	0	2.647092	1.966463	1.869894	1.717513	1.383605	1.676946	1.847974	3.021162	1.810079	0	1.736703	1.587668	0	1.266296	2.147519	2.019481	1.467576	0	2.78835	2.231331	1.888137	1.954781	2.232721	2.544768	2.329785	3.492577	1.582029	3.197974	2.135488	1.869295	0.896546	2.397776	0	1.756116	1.145572	1.196683	0.721106	0.789018	0	1.065459	0.940139	1.068069	0	1.288955	2.926256	2.052507	2.595051	1.969588	1.931468	2.467569	2.458851	2.112818	2.223211	1.075331
Ctsd	1.079395	0	3.833885	2.138732	1.372596	2.579411	1.628692	2.730434	0.683203	2.582419	0	0	1.566521	3.192458	1.653147	3.679271	1.648854	1.269592	2.055566	2.166249	0	2.791271	1.120488	1.224714	3.973859	2.435766	1.100897	2.920754	2.067119	2.222422	1.433996	1.178757	2.366905	2.492534	1.62371	1.334104	2.09271	0.983231	1.526762	2.428931	0	0	1.066928	4.053314	2.052437	0	2.127018	2.245302	4.217307	1.790813	5.112117	2.554464	0	3.496418	3.650808	2.231331	4.078843	3.38578	2.734514	1.971169	2.690204	2.590165	2.501407	2.860355	2.615428	1.706425	1.267907	0	0	2.938545	1.403034	0	0.721106	1.115839	1.078014	1.506786	0.940139	1.510478	1.656528	1.578641	1.764599	1.071887	2.674917	0.880827	2.575291	0.712326	3.278468	1.129349	1.406082	0
Cyp1b1	5.176597	1.970659	2.213495	2.0006	2.455374	0.7154	1.880651	0	2.366684	0	0	0	0	2.357787	0.584476	0	2.8559	1.795474	0	0	4.857992	0	0	0.866004	1.986929	0	0	0	0	0	0	0	0	0	0	0	2.647092	0	1.526762	1.717513	0.798825	3.137279	0.533464	2.340182	0.967528	3.659625	0	4.718697	3.652295	2.424773	0	2.019481	0	2.708314	1.360576	1.57779	0	0	0	1.971169	0.951131	0	0	0	3.020036	0	0.896546	2.397776	0	0	0	0	0	0	0	0	0	0	0	0	0	0.618854	3.94627	1.647876	0.910503	3.835992	3.572628	2.258698	1.9885	1.075331
Cyp2j6	0	0	0	0	0	1.011728	0.940326	0	0	0	0	0	0	0	0.584476	0	0	0	0	0	0	0	0	0	0	0	0	0.688428	0	0	0	0.962451	0	1.114695	0	0	0.935888	0	0	1.717513	0	0	0.533464	0	0	0	0	0.648163	0	0	2.147519	0	0	0	0.608468	2.231331	1.541658	0	0	1.138055	0	1.10445	1.582029	0	0	0	0	0	0	0	0	0	0	0	0	0	0	0	0	0	0	0.618854	0.648763	0	0	0	0.819617	0	0	0
Dbp	0	0	0.737832	0.534683	0	0	0	0	0	0	0	0	0	0	0	0	0	0	0	0.884367	0	0.882678	0	0	0	0	0	0	0	0	0	0	0.748481	1.576417	0	0	1.621006	0	0	0	0	0	0	1.351105	0.684146	0	0	0	0	0	1.239871	1.564283	0	0	0	0	0	0	0	1.138055	0	1.352669	1.118663	0	0	0.763136	0	0	0	0	0.810042	0	0	0	0	0	0	0	0	0	0	0	0	0	0	0	0	0	0	0
Dhrs3	0	0	0	0.534683	0	0.7154	0	0	0	0	0	0	0	0.962562	0	1.390634	0	0	0	0	2.071455	0	0	0	0	0	0	0	0.781298	0	0	0.962451	0.748481	1.576417	0	0	1.621006	0	0	0	0.798825	0	1.600393	0	0	0	0	0.648163	0	1.266296	0	1.277232	0	0	0.860504	3.155579	2.180233	0	0	0	0	1.561928	0	1.430178	0	0	0.896546	0	0	0	0	0	0	0	0	0	0	0	0	0	0	0	0	0	0	0	0	0.79857	0	0
Dnmt3b	1.079395	0	0	0.534683	0.613844	0	0	0	0	0	0	1.189381	1.566521	0	0	1.390634	0	0	0	0	0	2.16211	1.120488	0	0	0	0	1.192393	1.104922	1.340171	0	1.361111	0	0	1.815363	0.943354	0	0	0	0	0	0	0	0	0	0	0	0	0	0.731097	0	0	0	0	0	0	0	0	0	0	0	0	0	0	0	0	1.267907	0	0	0	1.145572	0	2.497984	6.111704	1.078014	1.065459	4.043689	1.068069	4.68537	1.578641	0	0.875192	0	0	0	0	0	0	0	0
Dock9	0	0	0	0	0	0	0.664911	1.576417	0	0	0	0	0	1.361269	0	0	0	0	1.186782	0	0	0	1.940742	0.866004	0	0.920633	1.100897	0.688428	0.781298	0.670085	1.433996	0	0.748481	1.930708	0	0	0	0	1.079584	1.402344	0.798825	0	0	0	0	2.112886	0	0.916641	0	0	0	0	1.467576	0	0.608468	0	1.541658	0	0	0	0	1.352669	0	0	0	1.526273	1.793091	0	2.36525	0.785359	0.810042	0	0	0	1.524543	1.065459	0	0	0	0	0	0	0	0	0	0	0	0	0	0
Ebp	0	0	0.737832	0	0.613844	1.239109	0.940326	2.22939	1.183342	0	0	1.189381	0	1.667207	0.584476	1.390634	1.47478	1.269592	1.678363	0	1.46474	1.248295	0	1.224714	0	1.301972	1.90681	0	0.781298	0.947644	0	0	0	2.22939	1.62371	0.943354	2.09271	0.983231	1.526762	2.2173	0.798825	1.676946	1.192862	0	0.967528	0	0	0	0	0	2.479741	0.903139	2.541917	1.563646	0.608468	0	1.090117	0	1.578772	0	0	0	0	1.430178	0.871809	1.079238	0	0	0	0	0	0	0.721106	0	1.078014	0	0.664778	0	0	0	0	1.071887	0	0.622838	0.643823	1.007381	0.819617	0	0	0
Ecscr	0	0	0	0	0.613844	0	1.880651	0	0.683203	0	0	0	0	1.667207	0	1.390634	1.47478	0	0	1.531769	0	0	0	1.224714	0	0	0	0.973585	0	0	0	0.962451	0	1.114695	0	0	1.621006	0	0	0	0	0	0	0	0.967528	0	0	0	0	1.033927	0	0.903139	1.467576	0	0	3.155579	2.437575	0	1.578772	0	0	0.780964	0	2.47714	0	0.763136	1.552862	1.384357	0	0	0	0	0	0	0	0	0	0	0	0	0.8823	0	0	0	0	0	1.419618	0	0	1.520748
Eef2	5.287934	6.826561	4.838285	5.01577	6.229832	5.158822	5.523163	6.499732	4.427661	3.162805	3.57067	7.331837	7.005694	4.715574	5.726668	6.52265	4.299686	6.473673	5.814019	6.377263	5.672912	5.85502	6.034011	5.99985	7.434409	6.606786	6.605382	6.986785	4.816242	5.402401	4.055952	5.570588	4.167367	4.985067	5.565799	5.660125	3.374393	4.285806	5.71262	4.651048	4.518837	3.749766	4.711428	4.053314	4.217357	5.976143	2.456069	3.942621	2.982087	4.506782	4.801998	3.936693	4.8674	4.944682	4.673731	4.989409	4.875149	3.657061	5.236196	4.55222	4.849835	4.348224	2.740155	3.503205	3.698774	3.965373	5.598925	5.707848	4.424977	5.663305	5.670294	4.058148	5.347865	5.956952	4.573628	5.109761	4.359244	4.835888	5.238403	5.618426	4.043204	4.833405	3.892577	4.784113	4.221828	5.185811	5.436725	5.646744	5.261076	4.927786
Egr1	0	0	0.737832	0	0	0	0	0	0	0	0	0	0	0	0	0	0	0	0	0	0	0	0	0	0	0	0	0	0	0	0	1.924902	1.833397	1.576417	1.815363	0	0	0	0	3.135736	2.396475	0	0	1.910751	0.967528	2.988072	3.008057	0	4.217307	1.634782	1.753442	0	3.594813	0	1.053897	2.732812	1.888137	0	0	0	0	0	1.118663	0	1.510018	0	0.896546	3.662663	0	0	0	0	0	0	1.078014	0	0	1.510478	0	0	1.528188	3.555046	4.103136	1.647876	0.910503	1.007381	0	1.785657	0.99425	0
Eif3b	2.15879	1.970659	2.213495	2.619401	2.377406	1.752365	2.303318	3.524975	2.160477	1.826046	2.380446	1.682039	2.713294	2.152355	2.613854	2.408648	1.950951	2.838894	3.139929	1.768734	0	1.973727	3.361463	2.121267	0	2.347163	3.481342	1.82141	1.913781	2.010256	0	2.453778	1.296407	0	1.62371	2.983148	1.323546	0	1.079584	1.983214	2.259418	1.18578	2.44464	1.351105	2.649685	4.225771	2.745968	1.449336	0	1.266296	0	1.564283	2.541917	0	1.721007	2.732812	0	2.394108	1.578772	1.971169	3.00774	2.066237	2.237327	0	0	1.321791	1.552862	3.095515	1.672484	1.110666	2.561578	2.072715	2.599984	1.93269	1.867176	2.130918	1.628368	2.136138	2.342685	1.288955	2.334345	1.637334	1.12369	1.525636	2.230268	1.424652	0.819617	2.395711	2.223211	1.862528
Eif3h	1.079395	0	1.649842	1.512312	2.296792	1.89277	2.205259	2.22939	2.160477	2.582419	2.380446	1.189381	2.713294	1.925125	2.024683	0	1.80623	3.359024	1.678363	1.768734	2.071455	3.182539	0	2.598011	0	1.841266	1.556904	2.753714	1.353247	1.772879	2.867992	1.521769	2.245444	2.730434	2.296273	2.109404	2.476128	2.198572	1.079584	2.974821	2.880204	2.053831	2.325317	2.340182	1.184975	2.112886	2.127018	2.049671	0	2.067853	1.753442	2.019481	2.935152	2.211329	2.508778	1.57779	1.888137	1.382239	2.734514	1.971169	1.345102	2.815806	2.501407	2.860355	2.756903	2.855395	2.973505	3.095515	3.739788	2.077865	2.14317	2.393365	2.497984	2.367053	2.156029	2.382438	2.30286	1.068069	1.656528	1.578641	2.334345	1.856562	1.716465	1.761653	2.230268	1.424652	1.639234	1.383164	1.722091	2.634012
Eif6	2.15879	3.941317	1.807311	2.673415	1.941144	1.4308	1.329821	2.22939	2.160477	1.826046	2.061527	0	0	1.361269	1.168951	1.966653	2.085654	1.795474	2.653724	2.339816	1.46474	1.528842	1.584609	1.499963	0	1.301972	0	0.688428	1.353247	1.772879	2.027976	1.800581	0.748481	1.114695	1.406174	1.633937	0.935888	1.390499	0	0.991607	2.767211	2.053831	1.923433	1.351105	1.675808	2.112886	1.228034	1.449336	2.108654	1.790813	1.239871	0	2.075466	0	1.609855	0	0	2.394108	1.578772	1.971169	0	0.780964	0	2.022577	0	1.526273	1.552862	0	0	1.110666	1.403034	0.846182	1.766342	0.789018	1.078014	0	1.15143	0.755239	1.047681	2.734287	0.8823	1.956988	1.12369	1.969588	1.287646	0	0	1.129349	0.99425	2.634012
Elf3	0	0	0	0	0	0	0	0	0	0	0	0	0	0	0	0	0	0	0	0.884367	0	0.882678	0	0	0	0	1.90681	1.192393	0	1.340171	0	0	0	0	0	0	0	0	0	0	0	0	0	0	0	0	0	0	0	0	0	0	0	0	0	0	0	0	0	0	0	0	0	0	0	0	0	0	0	0	0	0	1.019798	0	0	0	0	0	0	0	0	0	0	0	0	0	0	0	0	0
Epdr1	0	0	1.043451	1.195587	1.624077	2.372713	1.151659	0	1.807585	0	0	1.189381	0	2.887687	1.012341	0	2.331832	0	2.055566	0	2.071455	0	0	0.866004	0	1.127541	0	0.973585	0	0	1.433996	0	1.058512	2.22939	0	0	4.772113	0	1.079584	1.717513	1.786227	1.676946	0.533464	0	0.967528	2.112886	1.228034	1.122651	0	1.634782	1.239871	2.554464	1.467576	3.496418	1.216936	0	2.437575	1.954781	0	1.609453	2.853393	2.2089	2.740155	2.022577	1.949425	1.706425	0	1.384357	3.739788	0	1.145572	0	0	1.115839	0	0	0.664778	0	0	0	0.8823	0	0.648763	1.078788	0.643823	0	0	1.129349	1.406082	0
Ephx1	1.526495	0	2.447111	1.690816	1.503604	1.239109	0.664911	1.576417	1.183342	0	0	3.146806	2.215395	3.04389	1.306927	2.408648	0.73739	3.109852	2.055566	1.531769	2.071455	0.882678	1.940742	1.936443	3.973859	1.455649	1.100897	0.973585	0	0.670085	1.433996	1.178757	1.673655	2.22939	0.811855	0	2.292449	0.983231	1.526762	0.991607	1.786227	1.676946	1.508865	1.910751	0.967528	2.112886	1.228034	1.714878	2.982087	1.033927	1.239871	0.903139	0	2.708314	1.924145	4.462663	1.888137	1.954781	1.578772	3.942338	2.126793	2.590165	5.364921	3.783894	2.465849	2.413249	2.372037	1.957776	2.36525	2.938545	0	0	0	0	0	0	0	0	0	0	1.24776	0	1.589138	0	0	0	1.639234	0	0	0
Esrp1	0	0	0	0	0	0	0	0	0	0	0	0	0	0	0	0	0	0	0	0	0	0	0	0	0	0.920633	0	0	0.781298	0	0	0	0	0	0	0	0	0	0	0	0	0	0	0	0	0	0	0	0	0	0	0	0	0	0	0	0	0	0	0	0	0	0	0	0	0	0	0	0	0	1.145572	0	0	1.115839	0	0	0	0.755239	1.481644	0.911429	0	0	0	0	0	0	0	0	0	0
Fas	0	0	0	1.195587	0	0.7154	0	0	0.683203	0	0	0	0	0	0	0	1.042827	0	0	0	1.46474	0	0	0	0	0	0	0.688428	0	0	0	0	0	1.930708	0	0	1.621006	0	0	0.991607	0	0	1.306715	0	0	0	0	0	0	0	1.753442	0.903139	0	0	0.608468	1.57779	0	0	1.578772	0	1.647407	1.561928	1.118663	1.430178	2.135488	0	0	0	0	1.360282	0	0	0	0	0	0	0	0	0	0	0	0	0	0.622838	0	0	0	0	0	0
Fau	2.413601	2.786932	2.857609	2.204554	0.868106	3.78554	1.151659	5.228383	1.93239	5.164839	4.123054	3.568143	3.133042	4.30471	3.037024	3.679271	2.445646	2.539184	5.173061	3.308999	5.281194	3.302677	3.361463	4.663573	4.866963	4.168344	3.651262	4.014193	3.494069	4.444844	4.301987	4.139658	2.592815	3.861416	3.144302	2.830063	3.858766	3.678915	4.828045	3.840477	4.226985	2.651485	3.883678	3.021162	2.902584	2.112886	3.473405	2.149713	4.217307	3.269563	5.260325	3.723739	7.4832	4.944682	4.03612	4.733369	4.360466	1.382239	5.236196	3.414165	3.429351	3.219997	2.237327	4.522619	2.615428	3.579427	4.108488	3.390967	2.896827	3.598968	4.436783	2.675864	3.304523	1.764297	2.410513	3.986582	3.876291	1.308112	3.054488	2.882191	3.056375	3.155549	3.042967	2.330448	3.282865	2.467569	3.844345	1.383164	3.720143	2.845058
Fbln5	1.869567	0	1.952119	2.268467	2.94389	1.599683	2.303318	2.22939	2.556311	0	0	0	0	2.152355	0	1.390634	1.042827	1.269592	1.186782	0	1.46474	0	0	0	3.973859	0	0	0	0	0	0	0	4.674264	1.114695	0	0	2.647092	0	0	0	2.259418	1.676946	2.872793	1.910751	2.466722	2.112886	0	3.888977	0	3.581627	0	2.554464	3.2816	1.563646	3.599745	3.155579	3.930471	3.657061	0	3.598846	4.253586	2.066237	4.033398	2.022577	5.30301	0.763136	0	5.179788	2.896827	1.360282	0	0	0	0	0	0	0	0	0	0	0.8823	0.875192	1.12369	1.647876	0.643823	0.712326	1.639234	2.525301	2.630538	1.075331
Fmnl2	1.526495	0	0	0.756156	0	1.239109	0.664911	1.576417	1.183342	0	0	0	1.566521	0.962562	0.826573	0	1.277197	0	1.186782	1.250684	1.46474	0.882678	0	0.866004	0	1.127541	0	0.688428	0	0.670085	0	0	0	1.576417	1.406174	0.943354	1.871777	0.983231	0	0.991607	1.129709	0	0.533464	0	0.967528	0	1.228034	1.122651	2.108654	0	1.239871	0	0	0	1.490436	0	1.090117	0	0	0	0.951131	1.352669	1.582029	1.430178	1.949425	0.763136	1.267907	0	0	1.756116	0.810042	0	1.019798	0.789018	0	0	1.15143	0	1.047681	1.822858	1.528188	0	0	0.880827	1.115134	0.712326	0	0.79857	0	0
Fmod	0	0	0.737832	0	0	0.7154	0	0	0.683203	0	0	0	1.566521	1.925125	0	0	0	0	0	0	0	0	0	0	0	0	0	0	0	0	0	0	0	1.114695	0	0	1.871777	0	0	3.966427	0	0	0	0	0.967528	0	0	0	0	1.033927	0	2.554464	0	0	0	0	2.437575	1.382239	1.578772	0	2.690204	4.132473	0	0	6.696495	0	0	4.591391	0	2.604742	0	0	0	0	0	0	0	0	0	0	0	1.071887	0	0	0	0	0	0	0.99425	0
Fn1	2.15879	1.970659	3.538516	3.339094	4.025242	3.355523	1.759188	2.730434	3.61517	1.826046	0	1.682039	2.215395	2.357787	0.826573	3.933306	3.536399	3.590948	2.373563	2.933114	1.46474	0	0	1.224714	4.442909	2.521258	2.696636	1.539373	1.353247	1.498356	3.206512	1.667014	5.845825	4.45878	3.347365	2.983148	4.584897	3.406014	1.869894	1.983214	1.786227	4.74312	3.373924	10.465612	4.690266	2.988072	3.473405	3.550134	4.715093	4.681302	1.239871	5.343044	5.083833	4.137018	5.740275	2.231331	3.930471	6.77156	0	5.690275	8.40016	1.912963	3.537524	1.430178	3.89885	2.643582	2.196079	4.591391	0	4.511545	1.984189	2.393365	0	1.115839	2.156029	1.845429	1.48649	1.84995	1.656528	1.822858	7.275628	3.389603	7.077166	5.674328	6.56573	4.332909	8.51771	6.438279	5.166274	5.043749
Fosl2	1.079395	0	1.649842	1.773343	1.063208	0	0.664911	0	0	0	0	0	0	0	0	0	0	0	0	0	0	0	0	0	0	0.650986	0	0.973585	0	0	0	0	1.058512	0	0	0	1.323546	0.983231	1.079584	0	1.383605	0	1.192862	0	1.529796	0	2.745968	2.336984	4.217307	0.731097	0	1.277232	0	0	2.01806	0	1.090117	0	0	1.971169	0	0	1.582029	0	1.232925	0	0.896546	1.384357	0	1.360282	0	0	1.019798	0.789018	0	0	0	0	0	0	1.972882	1.237708	1.946288	2.245676	2.230268	1.233785	1.159114	2.258698	2.435405	0
Fstl1	5.287934	1.970659	3.538516	4.98719	3.36216	4.046913	4.654375	3.152833	4.427661	4.472881	0	5.319074	3.837177	4.30471	3.832663	2.408648	5.266019	3.590948	1.678363	5.156703	4.857992	0.882678	1.940742	2.87221	2.809942	4.117197	0	2.177002	0	0	4.055952	3.26383	6.567896	7.477601	3.977262	0.943354	5.919077	3.406014	4.039433	5.782012	3.746821	4.889096	3.498159	3.309517	4.640101	4.724556	3.883385	4.150267	5.165126	4.386579	4.639171	7.337139	4.150932	3.496418	4.171446	4.462663	5.970814	4.788216	4.177039	4.55222	6.520625	6.67256	3.537524	3.503205	6.639503	5.00422	2.372037	5.537426	5.547002	2.483524	0	0	0	0	1.078014	1.506786	1.329557	1.308112	1.047681	0	3.301263	4.058097	5.108363	3.236363	3.526363	6.044286	6.401414	4.517395	4.446421	4.02352
Fth1	3.739134	5.911976	8.347611	4.568333	6.611298	4.410021	3.761303	3.861416	4.480061	6.05631	4.453407	4.288374	2.215395	4.30471	2.741434	4.817296	4.171309	4.750378	5.691605	3.188631	6.384652	2.16211	2.505487	2.738544	3.441462	3.905916	3.302691	3.301587	2.817009	2.996713	2.027976	2.806003	3.086067	4.170806	2.567312	3.889549	5.039913	4.611764	3.238751	2.428931	2.988929	3.353892	4.431287	4.680364	2.649685	3.659625	4.594883	4.53714	3.652295	3.655483	3.719612	2.709418	2.075466	4.690937	4.302518	4.462663	3.447251	1.954781	2.734514	4.692321	3.154544	3.825927	3.35599	4.045153	4.359047	3.659874	4.299681	2.768713	2.36525	3.331997	3.137279	2.931262	3.60553	3.865381	3.408981	3.369277	3.118087	3.996348	4.743576	3.410255	4.66869	3.555046	4.541339	3.354088	2.493515	4.332909	4.179243	3.480887	5.261076	2.634012
Gabarap	1.526495	1.970659	3.381169	1.773343	2.035889	2.372713	0	0	2.160477	0	1.190223	0	0	1.361269	1.012341	2.781267	1.950951	1.269592	1.186782	1.768734	3.275258	1.973727	1.940742	2.291231	3.441462	1.594583	1.100897	1.686298	2.817009	1.641367	2.027976	0.962451	2.80056	1.930708	1.406174	2.109404	2.476128	1.390499	2.159168	2.974821	2.259418	1.676946	1.923433	1.351105	1.675808	0	1.228034	2.245302	0	1.634782	1.239871	2.212231	2.075466	2.211329	3.161692	2.732812	2.884177	1.382239	3.157545	2.544768	3.294814	2.342892	3.164058	2.47714	2.465849	1.079238	2.372037	2.397776	3.344968	2.221331	0.810042	1.892121	0.721106	1.578035	0	1.065459	0	0.755239	0	0.911429	1.764599	1.515877	2.151703	1.647876	2.575291	2.252572	3.477341	1.129349	1.406082	1.862528
Gapdh	2.15879	1.970659	1.649842	1.512312	0.868106	2.262293	1.486785	1.576417	0.966195	1.826046	1.190223	2.060068	2.215395	2.887687	2.024683	1.966653	1.80623	1.795474	2.373563	2.796615	1.46474	2.791271	1.120488	2.87221	2.809942	1.841266	2.201794	2.065285	1.353247	2.321244	1.433996	2.453778	1.980295	1.930708	1.148137	1.886708	1.871777	0.983231	2.414023	1.402344	2.396475	2.053831	2.558405	2.340182	2.052437	2.112886	1.736703	1.714878	0	1.9343	1.239871	0	2.075466	0	2.01806	2.231331	1.888137	0	2.232721	1.138055	0	0	1.582029	2.47714	0	0	0.896546	1.384357	0	1.110666	1.984189	2.538547	2.599984	0	1.078014	1.506786	1.758838	1.068069	2.095361	1.822858	2.334345	2.23131	2.151703	0.880827	1.931468	1.007381	1.159114	2.258698	2.630538	0
Gas6	1.079395	0	1.952119	0.926098	1.063208	1.4308	1.329821	0	0.683203	0	1.190223	1.682039	0	2.887687	1.546377	1.390634	1.042827	2.198997	1.186782	1.531769	4.142909	0	0	1.224714	0	2.159076	0	1.376857	0	0.670085	2.027976	1.361111	0.748481	3.697025	0	0	2.807665	1.390499	1.526762	1.717513	1.129709	0	0	1.351105	0.684146	0	0	3.666563	0	1.033927	1.753442	2.855977	2.075466	3.127291	1.053897	0	2.670229	0	0	0	2.853393	1.10445	2.740155	2.860355	1.949425	2.531037	0.896546	0	2.36525	1.570718	0	0	0	0.789018	0	0	0.664778	0	0.740822	0	1.764599	0	2.24738	0	0.643823	0	1.419618	1.129349	0	2.150662
Ggh	0	0	0	0.756156	1.063208	0.7154	0.940326	1.576417	1.93239	0	0	0	0	1.925125	0.584476	0	0.73739	1.269592	0	0.884367	0	0	0	0.866004	0	0.920633	0	0.973585	0	0	0	0.680556	0	2.492534	0	0	2.476128	0.983231	1.079584	0	1.383605	0	0.533464	0	0.684146	0	0	0.648163	0	0.731097	1.239871	2.855977	1.467576	0	0.608468	0	0	0	0	1.609453	0	0.780964	0	0	0	0.763136	0	0	0	0	0	0	0	0	1.078014	0	0	0.755239	1.656528	0.911429	0	0	0.648763	0	1.439632	0	0	0	0.99425	0
Gm1821	0	0	1.043451	0.756156	0.868106	1.011728	0	0	0.683203	0	0	0	0	0.962562	0.826573	0	1.042827	0	0	0.884367	0	0.882678	1.120488	1.499963	0	1.127541	1.100897	0	0.781298	1.498356	1.433996	0.962451	1.296407	1.576417	1.62371	0.943354	0.935888	1.390499	1.526762	1.402344	1.59765	1.18578	0.754432	0	0.684146	0	0	0	0	1.266296	0	0.903139	0	0	1.609855	0	1.090117	1.382239	2.734514	2.544768	0.951131	1.746289	1.582029	2.47714	1.510018	1.321791	1.793091	1.384357	0	1.360282	1.811309	0	1.019798	0	0	1.065459	0.664778	1.308112	0.740822	0.911429	0	0.618854	0.917489	0	0	1.007381	1.159114	0.79857	0	1.075331
Gpm6b	0	0	0	0	0.613844	0	0	0	0	0	0	0	0	0	1.431667	0	1.277197	0	0	0	0	0	0	0	0	1.301972	0	0	0	0	0	0.680556	1.673655	1.114695	0.811855	0	0	0	1.526762	0.991607	0	0	0	0	0	0	0	0	0	0	1.753442	0	0	0	1.360576	0	0	0	2.232721	0	1.345102	0	0	0	0	0	0.896546	0	1.672484	1.110666	0	0	0	0	0	0	0	0	0	0	0	0	0	0.880827	0	0	0	0	0	0
Grcc10	1.079395	0	1.043451	0.756156	0	1.239109	0.664911	0	0.966195	1.826046	1.190223	0	0	2.546701	0.584476	0	0.73739	2.539184	0	0	1.46474	1.248295	0	1.732008	1.986929	0.650986	0	1.94717	1.104922	0	2.483754	1.178757	1.673655	1.930708	1.148137	0	2.292449	1.703007	1.079584	0.991607	0	2.053831	1.306715	1.351105	0.684146	0	1.736703	0.648163	0	1.266296	1.239871	0	1.467576	2.211329	2.01806	1.57779	1.090117	2.764478	1.578772	1.609453	2.126793	1.746289	1.118663	2.022577	0	0.763136	1.267907	1.957776	1.672484	1.923729	0.810042	0.846182	0.721106	0.789018	0	1.065459	0.664778	0.755239	0	0	0	0.875192	0	0.880827	0.643823	1.007381	1.639234	1.129349	1.722091	1.075331
Grina	0	0	1.043451	0.926098	1.063208	1.4308	0	0	0	0	0	0	0	1.667207	0.584476	0	1.042827	1.269592	1.186782	1.250684	2.071455	1.248295	0	1.224714	0	0.920633	1.100897	0.688428	1.353247	0.670085	1.433996	0	1.296407	1.930708	0	0	2.292449	1.390499	1.079584	1.402344	0.798825	0	1.306715	1.351105	0	0	0	0.916641	0	0.731097	0	0.903139	1.467576	2.211329	0.608468	2.732812	1.541658	1.382239	2.232721	0	2.126793	2.066237	1.937582	1.430178	2.135488	0.763136	1.267907	1.957776	1.672484	0.785359	0	0	0	0	0	0	0.664778	0	0	0	1.24776	0.875192	1.12369	0	0.910503	0	0.819617	0	0.99425	0
Gsk3b	1.869567	0	1.043451	0.756156	1.063208	1.239109	0	0	0.966195	0	2.061527	1.189381	1.566521	1.361269	0	1.390634	0	0	0	0.884367	2.071455	0.882678	0	0	0	0	1.100897	0.688428	0.781298	1.160622	0	1.361111	1.296407	0	1.148137	0.943354	0.935888	0	1.079584	1.402344	0	1.18578	0.754432	0	0	0	0	0.648163	2.108654	1.033927	1.753442	0	1.467576	1.563646	0.608468	0	1.541658	1.954781	0	1.609453	0.951131	2.066237	1.118663	0	1.510018	1.321791	0.896546	0	1.672484	0.785359	1.145572	0	0	0.789018	1.078014	0	0.664778	1.308112	0	0	0	1.237708	0.648763	0.880827	0.910503	0.712326	0	0.79857	0.99425	0
Gstm1	1.079395	0	0.737832	0	1.227687	1.239109	0	0	0.966195	0	0	2.659537	0	1.361269	0	1.390634	0	1.269592	0	0.884367	2.071455	1.765355	2.744623	1.936443	0	1.301972	1.556904	1.539373	1.353247	0.670085	0	1.667014	0	2.492534	1.148137	0	1.323546	2.408415	0	2.804688	0.798825	1.676946	0.923987	0	1.184975	2.112886	1.736703	0.648163	0	1.790813	2.479741	0	2.075466	2.211329	1.490436	3.528045	2.437575	0	1.578772	2.27611	1.647407	2.590165	1.937582	2.022577	0.871809	1.869295	1.552862	1.957776	0	0	0	0	1.019798	0.789018	0	1.506786	0	0	1.283141	0.911429	0.8823	0	0.648763	0	0.910503	1.233785	0	0	0	1.075331
Gsto1	1.869567	0	2.447111	2.0006	1.372596	3.118356	1.759188	2.22939	2.160477	6.05631	1.68323	4.606453	2.215395	1.667207	2.47972	3.406343	2.21217	0	3.356725	2.796615	0	1.765355	2.744623	0.866004	1.986929	2.159076	1.90681	3.00079	0	2.010256	1.433996	7.039722	1.673655	3.344085	0	0	2.959539	1.703007	2.85631	2.2173	3.481997	0	2.066098	1.910751	1.529796	2.988072	3.249073	2.336984	0	1.634782	3.03705	1.564283	2.075466	0	1.825404	2.732812	4.360466	1.382239	1.578772	1.971169	2.516456	2.590165	1.582029	3.783894	1.232925	1.079238	2.196079	0	0	3.598968	1.145572	1.196683	0	0.789018	1.078014	1.506786	0.940139	0.755239	0.740822	0.911429	3.301263	2.625575	2.512647	1.392709	0.643823	3.561629	1.159114	2.648558	3.850714	1.075331
Gstt3	0	0	0	0.534683	1.063208	1.239109	0	0	0	0	0	0	0	0	0.584476	0	0	1.269592	0	0	0	0.882678	0	1.224714	0	0	0	0	0	0	1.433996	1.178757	0.748481	2.22939	0	0	1.871777	0.983231	0	0	0	0	0	0	0	0	0	0	0	0.731097	1.239871	0	0	0	0.860504	1.57779	2.437575	0	2.734514	1.138055	0	1.10445	1.582029	1.430178	0	0.763136	0	0	0	0	0	0	0	0	0	0	0	0	0	0	0.8823	0	0	0	0	0	0	0	0	0
Hcfc1r1	0	0	1.043451	0.926098	0.868106	0	0.940326	0	0	2.582419	1.190223	0	0	1.667207	0.584476	1.390634	0	1.269592	0	0	0	0.882678	1.120488	1.499963	1.986929	0.650986	1.90681	0.688428	1.104922	1.160622	0	0	1.496962	0	0	1.334104	2.292449	0	1.869894	0	0	1.676946	0.923987	0	1.368291	0	3.684103	1.122651	0	1.9343	1.753442	2.212231	2.075466	2.211329	1.721007	2.231331	0	1.382239	0	1.138055	0.951131	2.342892	0	1.430178	1.743619	1.706425	1.793091	2.397776	0	1.923729	0.810042	0	0.721106	1.366619	1.078014	1.065459	0	0.755239	0.740822	0	0	0.875192	0	0.622838	0.643823	1.233785	1.419618	1.129349	1.406082	1.520748
Heatr5a	1.079395	2.786932	0	0	0.868106	1.011728	0.940326	0	0.966195	0	0	1.189381	0	0	0.584476	0	1.042827	0	0	0	0	0	0	0	0	0	0	0.973585	1.104922	0.947644	0	0	1.058512	0	1.148137	0	0	0	0	0	1.383605	1.676946	0.754432	0	0.967528	0	0	0.648163	2.108654	1.033927	0	0	0	0	0	0	0	2.394108	0	1.138055	0	0.780964	0	0	0.871809	0	0	0	0	0	0.810042	0.846182	0	1.115839	0	1.065459	0	1.068069	0.740822	0	0	1.3838	1.450678	1.078788	1.287646	2.014762	1.639234	1.383164	1.406082	1.520748
Hey2	0	0	0	0	0	0	0	0	0	0	0	0	0	0	0	0	0	0	0	0	0	0	0	0	0	0	0	0	0	0	0	0	0	1.930708	0	0	0	0	0	0	0	1.18578	0	0	0	0	0	0	0	0	0	0	0	0	0	0	0	0	0	0	0	0.780964	0	0	0	0	0	0	0	0	0	0	0	0	0	0	0	0	0	0	0	0	0	0.622838	0	0	0	0	0	0
Hmga2	0	1.970659	1.475663	0.534683	1.503604	1.239109	2.303318	0	1.366406	1.826046	2.061527	2.060068	1.566521	0.962562	1.012341	0	2.21217	0	0	2.933114	1.46474	0	0	1.732008	0	1.455649	0	0.973585	0.781298	1.160622	0	1.361111	2.366905	0	1.815363	0.943354	0.935888	0	0	1.402344	1.59765	3.749766	1.508865	1.910751	2.982122	3.659625	3.249073	4.850407	4.217307	2.424773	1.239871	0	0	0	3.21971	0	0	3.38578	0	1.609453	0	0.780964	0	0	1.949425	0	0.896546	1.384357	0	0	0	0.846182	0.721106	0	0	0	0	0	0	0	3.056375	4.331978	3.042967	3.684762	4.597814	2.936995	1.159114	4.656425	2.630538	1.862528
Hn1	1.869567	0	0.737832	1.690816	1.063208	1.239109	1.329821	0	1.183342	0	1.68323	2.060068	1.566521	0	1.546377	0	1.042827	2.838894	1.186782	1.531769	1.46474	2.16211	2.505487	1.732008	0	1.952958	2.461681	1.192393	1.104922	2.010256	2.027976	1.521769	0	1.114695	1.148137	1.334104	0	2.408415	0	0	2.526106	1.18578	1.923433	0	1.810079	2.112886	0	1.296326	0	0.731097	0	0.903139	0	0	0.608468	0	1.541658	0	0	1.138055	1.345102	0	0	0	0	0	1.793091	0	0	0	0.810042	0.846182	0.721106	1.115839	1.867176	1.065459	0.940139	1.068069	0	1.822858	1.24776	1.071887	1.716465	0.880827	1.115134	2.014762	0.819617	0	1.406082	1.075331
Hnrnph1	3.413347	1.970659	2.086903	2.391175	2.126417	1.752365	2.659643	2.22939	2.265928	0	1.68323	3.364078	3.133042	1.667207	3.650049	1.966653	3.458666	2.198997	2.907009	2.933114	1.46474	2.496589	2.744623	1.732008	0	2.603944	2.461681	1.686298	2.47068	1.641367	1.433996	2.635781	0.748481	1.930708	2.692619	1.886708	0	2.949694	2.159168	1.983214	2.113492	3.749766	1.847974	1.351105	3.281047	2.112886	0	2.970255	2.108654	3.10178	1.753442	1.277232	2.075466	2.211329	1.924145	0	1.541658	1.954781	1.578772	1.971169	0	0	1.582029	1.430178	1.232925	3.237714	2.835126	1.384357	1.672484	1.756116	2.686605	2.393365	2.698131	2.733237	3.049085	1.506786	2.574676	2.616224	2.095361	3.022868	0.8823	2.31554	2.151703	2.065721	2.035946	3.022143	1.639234	3.388047	1.722091	2.404513
Hnrnpm	2.15879	0	2.086903	1.927827	1.841531	1.011728	2.303318	2.22939	1.93239	0	1.190223	1.682039	3.837177	1.925125	2.263664	1.390634	2.445646	2.198997	2.373563	2.166249	2.071455	2.496589	1.940742	2.121267	0	0.920633	1.556904	1.539373	1.747035	1.641367	2.027976	1.361111	1.296407	1.114695	1.406174	2.109404	0.935888	0.983231	1.079584	1.983214	2.113492	2.053831	2.385725	1.910751	1.935056	0	1.736703	2.245302	2.982087	1.790813	1.753442	1.277232	2.075466	1.563646	1.360576	1.57779	0	0	1.578772	0	0.951131	0	1.937582	1.430178	1.510018	1.321791	1.793091	0	1.672484	1.756116	2.920648	1.892121	1.907867	1.93269	2.410513	2.382438	1.994335	1.688765	1.814636	1.822858	1.528188	1.856562	1.297526	1.647876	1.115134	2.014762	0.819617	2.112818	1.722091	2.150662
Ifitm1	0	0	0	0	0	0	0	0	0	0	0	0	0	0.962562	0	0	1.47478	0	0	0	0	0	0	0	0	0	1.90681	1.192393	0.781298	0.947644	0	0	0	1.114695	0	2.495881	0.935888	2.780998	0	1.983214	0	0	0.533464	0	0.684146	0	0	0	0	1.266296	0	5.853012	0	1.563646	2.356586	0	1.541658	0	0	1.138055	0	0	0	0	1.949425	0	0	0	0	0	0.810042	1.692365	0.721106	1.115839	2.156029	1.506786	1.329557	0	0.740822	0.911429	0	0	0	0	0	0	0	0	0	0
Ifitm2	0	0	0	0.756156	0	0	0.664911	2.22939	1.183342	0	0	1.189381	0	1.925125	0	1.390634	0.73739	1.795474	1.678363	0	0	0.882678	1.120488	0.866004	0	0.650986	1.100897	1.539373	1.104922	1.340171	1.433996	1.800581	1.833397	1.930708	2.147967	2.109404	2.807665	2.601386	2.159168	1.402344	1.383605	1.676946	1.066928	0	1.184975	0	1.228034	0	0	1.790813	2.147519	2.554464	2.075466	1.563646	1.609855	3.155579	2.437575	1.382239	1.578772	2.27611	2.126793	2.2089	2.740155	2.022577	1.949425	1.526273	2.535814	1.384357	0	1.756116	0	1.465631	1.019798	1.115839	0	1.065459	0.664778	1.068069	1.481644	1.288955	0	1.071887	0.648763	0	1.287646	0.712326	0.819617	1.129349	0	1.075331
Igfbp3	1.079395	0	1.043451	0.534683	0.613844	2.146199	1.486785	0	0	0	0	1.189381	0	6.087779	0	0	2.085654	2.838894	0	0.884367	2.929479	0	0	0	2.809942	0	0	0	0.781298	0	0	0.680556	9.136377	3.861416	0	1.334104	4.584897	0	0	0.991607	0	3.137279	1.686962	0	2.649685	0	0	1.449336	8.434615	2.31193	1.239871	5.266162	0	3.496418	1.609855	3.155579	7.148372	2.764478	3.530243	1.609453	6.725511	4.685784	11.891555	2.860355	5.716837	0	1.552862	5.179788	3.739788	0.785359	0	0.846182	0	1.115839	0	0	0	0.755239	0	0	0.8823	0	0.648763	0	0	0	1.419618	0	0	0
Il34	0	0	0	0	0.613844	0	0	0	0	0	0	0	0	0	0	1.966653	0	0	0	0	0	0	0	0	0	0	0	0	0	0.947644	0	0.680556	0	0	0	0	0	0	0	0.991607	0	0	0	0	0	0	0	0	0	0	0	0	0	2.708314	0.608468	0	0	0	0	0	0	0.780964	0	0	1.232925	0	0	0	0	0	0	0	0	0	0	0	0	0	0	0	0	0	0	0.622838	0	0	0	0	0	0
Irf2bp2	0	0	0	0	0.613844	0.7154	1.151659	0	0	0	0	1.189381	0	0.962562	1.546377	1.390634	0	1.269592	1.186782	0.884367	2.071455	0	0	0	1.986929	1.455649	0	1.82141	0	0	1.433996	1.178757	0	2.22939	0	0.943354	0.935888	0	1.869894	1.983214	0	0	0.754432	0	1.368291	0	0	0.916641	0	1.462193	1.239871	1.564283	1.467576	3.127291	0.608468	2.231331	1.541658	0	0	1.138055	2.329785	2.066237	2.501407	2.022577	1.510018	1.706425	0	1.957776	0	0	0.810042	1.892121	1.248992	0.789018	1.078014	0	1.48649	1.308112	0	0	0.8823	0.875192	0.648763	1.078788	1.115134	0	1.639234	1.383164	1.406082	1.862528
Itm2b	1.526495	1.970659	2.555924	1.512312	1.941144	2.023456	1.329821	1.576417	0.683203	2.582419	1.68323	0	0	1.667207	1.306927	0	1.042827	1.269592	1.186782	1.250684	5.858959	1.765355	1.584609	2.449429	3.441462	0.920633	1.100897	1.376857	1.353247	1.160622	3.206512	2.152106	3.58959	3.697025	2.147967	0.943354	4.584897	2.780998	2.85631	3.135736	1.129709	1.676946	1.99604	2.702209	1.935056	2.112886	1.228034	1.296326	0	1.9343	1.753442	2.995374	3.882842	2.708314	2.107795	2.732812	3.930471	2.394108	1.578772	1.138055	4.145883	3.31335	6.328116	2.860355	3.698774	2.955615	2.004737	3.095515	1.672484	1.756116	0	0.846182	0.721106	0.789018	1.078014	0	1.15143	0.755239	0.740822	0.911429	1.528188	1.637334	2.973005	1.868515	2.035946	2.467569	1.639234	3.092849	2.812164	1.862528
Klhl24	0	0	0	0	0	0	0	0	0	0	0	0	0	0.962562	0	0	0	0	0	0	0	0.882678	0	0	0	0.650986	0	1.192393	0	1.160622	0	0	0	0	0	0.943354	1.323546	0.983231	1.869894	0	0	0	0	0	0	0	0	0.648163	0	0.731097	0	0	0	0	0.608468	0	1.090117	1.382239	0	0	0.951131	1.10445	0	0	1.510018	0	0.896546	0	1.672484	0	0.810042	0	0	0	0	0	0	0	0.740822	0	0	0	0	0	0	1.007381	0.819617	0	0	1.075331
Kmt2e	1.526495	0	1.277962	0.534683	0.868106	1.011728	0	1.576417	1.183342	0	0	1.682039	1.566521	1.667207	1.012341	0	1.042827	0	0	1.250684	1.46474	1.248295	1.120488	0.866004	0	0	0	0.688428	0	0.947644	1.433996	1.521769	1.833397	2.492534	1.148137	0.943354	0.935888	1.390499	2.159168	1.983214	1.383605	0	0.754432	0	1.184975	0	0	0.916641	0	0	0	1.564283	0	0	1.216936	0	1.888137	1.382239	0	1.971169	0	1.561928	2.501407	0	0.871809	1.321791	1.552862	1.384357	2.896827	1.360282	0.810042	0	0	0	0	0	0.940139	0	0.740822	0	0.8823	0	0	0.622838	0.910503	1.007381	0	1.59714	0	0
Laptm5	0	0	0	0	0.613844	0	0	0	0	0	1.190223	0	0	0.962562	1.012341	0	0.73739	0	1.678363	1.768734	0	0	0	0.866004	0	0	1.100897	1.376857	0	1.160622	0	1.800581	0	1.930708	0	0	0.935888	0	0	0	1.956714	0	0	0	0	0	0	1.122651	0	0	0	0	0	0	0.860504	0	1.541658	0	1.578772	0	0	0	0	2.47714	0	1.321791	2.196079	0	0	2.604742	1.145572	0.846182	0	0	0	1.065459	0.664778	0	0	0	0	0	0	0	0	0	0	0	0	0
Litaf	1.526495	0	1.649842	1.690816	2.377406	1.011728	0.664911	1.576417	1.527688	1.826046	0	1.189381	0	1.361269	0.826573	0	1.277197	1.269592	1.186782	1.531769	1.46474	1.248295	1.120488	1.499963	0	1.952958	0	0.973585	1.104922	0.670085	0	1.178757	1.496962	1.930708	0.811855	0	1.871777	0	2.159168	1.983214	1.786227	1.18578	0.754432	0	1.368291	2.112886	1.228034	1.449336	2.982087	0	4.295038	1.806279	0	1.563646	1.216936	0	1.541658	0	2.734514	0	3.429351	1.561928	1.118663	1.430178	2.135488	1.321791	1.793091	1.384357	1.672484	2.483524	0	0	0	0.789018	1.078014	0	0.940139	0.755239	1.047681	1.288955	1.528188	1.3838	1.716465	1.525636	1.115134	1.424652	2.168503	0.79857	1.722091	1.862528
Lrpap1	1.526495	0	1.043451	1.604049	1.736212	2.146199	2.575188	0	2.463323	0	0	0	1.566521	1.667207	1.306927	0	1.47478	1.795474	1.678363	1.250684	1.46474	1.973727	0	2.291231	4.442909	1.301972	1.90681	0.688428	2.209844	1.160622	0	1.178757	1.496962	2.730434	1.148137	0.943354	1.871777	1.390499	1.526762	1.983214	1.383605	0	0	1.351105	0.967528	0	0	0	2.108654	1.634782	2.479741	2.019481	2.075466	1.563646	1.053897	5.465623	2.437575	0	1.578772	1.138055	2.126793	2.342892	1.118663	2.860355	1.949425	0.763136	2.372037	0	0	2.221331	0	0.846182	0.721106	0.789018	0	0	0.940139	1.308112	1.047681	0.911429	1.528188	0.875192	0.648763	0	0.910503	0.712326	0	0	0.99425	1.075331
Lrrc59	2.413601	1.970659	2.447111	2.619401	1.841531	2.023456	1.880651	2.22939	2.049609	0	0	2.659537	2.215395	1.667207	2.409855	0	2.331832	0	1.678363	2.501368	2.537004	0.882678	2.505487	1.936443	0	1.722347	0	2.177002	1.104922	1.498356	0	2.257148	1.058512	1.114695	0.811855	1.886708	0.935888	1.703007	1.079584	0	2.113492	2.37156	2.970203	2.340182	2.466722	2.988072	2.127018	2.049671	2.108654	1.790813	0	1.564283	1.467576	1.563646	1.053897	1.57779	1.541658	3.09078	0	2.544768	0.951131	1.561928	0	0	0	1.079238	1.267907	0	0	0	1.403034	1.196683	1.907867	2.087544	1.524543	1.065459	2.574676	2.616224	1.656528	3.157283	2.161184	2.625575	2.151703	2.64248	2.035946	2.136978	2.007644	2.395711	2.630538	2.150662
Marcks	1.869567	1.970659	1.807311	2.829276	2.530942	2.770732	2.205259	0	2.366684	0	1.68323	2.060068	2.215395	2.152355	2.337902	1.966653	1.950951	3.109852	1.186782	1.977505	5.480554	0	1.120488	1.936443	1.986929	2.435766	0	1.686298	2.067119	0.670085	0	2.635781	4.850713	0	3.144302	0.943354	3.501773	3.545091	2.85631	1.983214	2.649403	4.74312	2.872793	3.021162	3.554925	2.988072	1.736703	2.825276	0	3.10178	2.479741	3.831696	2.075466	3.496418	2.276679	2.732812	2.884177	3.909562	2.232721	3.218905	3.921613	4.058008	6.127172	1.430178	4.854029	2.158476	2.973505	3.662663	0	1.360282	0.810042	2.238788	0	1.578035	2.410513	1.845429	1.329557	1.068069	2.566283	0.911429	1.528188	2.96792	2.973005	3.73703	2.806358	4.153538	2.591857	1.785657	1.9885	1.520748
Mt2	2.15879	0	3.216133	1.604049	2.035889	2.372713	2.102632	3.524975	0.683203	3.162805	2.66142	4.606453	3.837177	3.04389	4.890074	1.966653	1.042827	0	1.678363	4.595307	1.46474	7.5416	6.722926	4.242535	0	5.637704	9.07823	5.242914	7.574962	7.727802	5.170345	2.041667	0.748481	4.01909	6.595543	5.336417	5.126071	4.397145	4.18121	2.2173	2.259418	1.18578	1.508865	0	1.184975	0	0	0	2.108654	1.790813	3.03705	2.389482	5.491167	0	1.216936	2.732812	0	0	3.530243	0	0	2.066237	0	5.896773	0	2.751528	2.372037	0	0	0	2.291145	5.351727	4.617331	0.789018	2.852158	2.609831	4.83966	2.388275	1.047681	2.57791	0	0	0	0	0.910503	0	1.639234	0.79857	0	0
Nampt	1.869567	3.413281	0.737832	1.512312	1.736212	1.239109	1.329821	1.576417	1.366406	0	0	1.189381	0	1.361269	1.306927	0	1.277197	0	0	1.250684	0	0	0	1.936443	1.986929	1.841266	1.100897	1.192393	1.353247	1.160622	0	1.178757	0	0	0.811855	1.334104	0.935888	0.983231	1.079584	0	0	2.053831	1.066928	0	1.810079	2.112886	0	0.648163	0	1.266296	1.239871	1.806279	0	0	0	0	1.090117	0	1.578772	0	0	0	0	2.022577	0	1.079238	0	0	0	1.360282	2.291145	1.692365	1.907867	0.789018	2.156029	2.609831	0.940139	1.068069	1.656528	2.411414	0	0	0.648763	0	0	1.007381	0	1.129349	0	0
Nanog	0	0	0	0	0	0	0	0	0	0	0	0	0	0	1.306927	0	0	0	0	0	0	1.248295	0	0	0	0	1.556904	1.686298	1.913781	2.680342	1.433996	0.680556	0	0	1.988631	2.983148	0	0	0	0	0	0	0	0	0	0	0	0	0	0	0	0	0	0	0	0	0	0	0	0	0	0	0	0	0	0	0	0	0	0	0.810042	2.675864	1.248992	1.93269	3.408981	2.382438	0.940139	3.850977	2.222466	2.038017	0	0	0	0	0	0.712326	0	0	0	0
Nedd4	1.526495	2.786932	2.951326	3.163227	2.296792	3.430937	3.324553	3.152833	2.556311	2.582419	3.36646	2.659537	4.953774	3.04389	2.980252	2.781267	3.759967	1.795474	1.186782	2.796615	4.142909	1.248295	3.169218	3.122421	0	3.795868	2.461681	3.229015	2.47068	2.842931	3.206512	3.334028	3.34731	4.596005	3.977262	4.111986	5.294183	4.397145	4.18121	4.322314	2.649403	3.137279	3.156017	2.702209	3.684237	3.659625	2.127018	3.834583	2.982087	3.868599	5.112117	4.515697	2.935152	3.127291	2.721151	4.733369	4.078843	4.584368	3.530243	4.103315	5.121996	4.685784	5.812746	4.045153	3.376503	4.316952	2.372037	3.390967	4.424977	2.483524	4.286339	4.14543	4.326636	3.70082	3.886836	3.690858	3.876291	4.531433	3.552858	4.822829	2.790076	2.052507	3.37107	2.785418	3.219114	4.332909	2.955171	3.292589	2.630538	3.225993
Odc1	1.869567	1.970659	0.737832	1.195587	0.613844	0.7154	1.151659	2.730434	0.683203	0	1.68323	1.189381	2.215395	0.962562	1.753427	0	0.73739	0	1.186782	1.250684	2.071455	1.528842	0	1.224714	0	0.920633	1.556904	1.94717	0.781298	1.340171	0	0.680556	0	0	0.811855	1.633937	0.935888	0	2.159168	1.717513	0.798825	1.18578	0.754432	0	1.368291	0	0	1.296326	0	0.731097	0	0	0	0	0.608468	0	0	0	0	0	0	0	0	0	0.871809	0.763136	0	0	0	0.785359	1.403034	1.196683	2.163318	1.578035	1.867176	1.065459	0.664778	0.755239	1.656528	1.578641	0.8823	1.3838	0.648763	1.525636	0.643823	0.712326	0	1.129349	1.9885	1.520748
Paics	1.526495	1.970659	2.555924	2.564249	2.604318	2.478218	2.741497	1.576417	3.803913	0	1.190223	1.682039	1.566521	3.470568	2.922378	1.966653	3.040337	1.795474	3.936109	2.166249	1.46474	2.648033	3.169218	3.774823	0	2.347163	3.481342	2.482164	2.591271	2.680342	2.867992	2.546406	1.673655	3.697025	3.247421	4.218808	2.292449	2.198572	2.85631	3.575289	2.526106	1.676946	2.502169	0	1.935056	3.659625	2.456069	0.916641	2.108654	2.19329	3.506884	2.554464	3.2816	4.137018	1.360576	4.174439	4.360466	0	3.157545	1.971169	3.154544	2.815806	2.501407	6.06773	3.262012	2.855395	3.907951	3.390967	3.344968	2.483524	3.968379	2.806469	3.458303	3.253203	3.886836	3.690858	2.972979	3.699899	2.095361	3.022868	1.764599	1.856562	1.716465	1.245677	1.439632	1.007381	0	2.879286	0.99425	0
Pam	0	0	0	0.534683	0.613844	0	0	0	0.683203	0	0	0	0	0	0	1.390634	0	0	0	0	0	0	0	1.224714	0	0	0	0	0	0	1.433996	0.680556	1.673655	2.730434	0	0	2.09271	1.703007	0	0	0.798825	1.18578	0	1.351105	0	0	0	0	0	1.266296	0	1.806279	1.467576	0	1.490436	2.732812	3.27035	0	0	0	2.126793	1.352669	0	0	0	1.321791	0	0	1.672484	0	0	0	0	0	0	0	0	0	0	0	0	0.875192	0.648763	0.622838	0.643823	0.712326	0	0.79857	0	0
Papss1	2.15879	1.970659	0.737832	1.195587	2.035889	0.7154	2.102632	2.730434	1.527688	0	0	2.060068	1.566521	1.925125	0.826573	1.966653	1.47478	1.269592	2.907009	1.977505	0	0	0	0.866004	0	0.920633	0	1.376857	0	0	1.433996	0.680556	1.058512	1.114695	1.406174	0	1.323546	0	1.079584	1.983214	0.798825	0	1.306715	0	0.684146	2.112886	0	0.916641	2.108654	1.462193	2.479741	2.389482	0	3.496418	1.360576	0	1.541658	2.394108	2.232721	1.138055	1.345102	0	1.118663	0	1.232925	1.706425	0	0	0	0.785359	0	0	1.248992	0.789018	0	0	0.664778	0	0.740822	0	1.24776	0.618854	0.917489	0.622838	1.287646	0.712326	0	0.79857	0.99425	0
Pcmtd2	0	0	0	0.534683	0	0	0	0	0.683203	0	0	0	0	0	0.584476	0	0.73739	0	1.186782	0	0	0	0	1.224714	0	0	0	0.688428	0	0	0	0	1.058512	1.930708	0	0	0	1.390499	0	0	0	0	0	0	0	0	0	0	0	0.731097	0	0.903139	0	0	0.860504	0	0	0	0	0	0.951131	2.342892	0	0	1.510018	0.763136	0	0	1.672484	0.785359	0.810042	0	0	0.789018	1.078014	0	0.664778	0	0.740822	0	0	0	1.12369	0	0	0.712326	0.819617	0	0	0
Pcolce	1.079395	0	0	0.756156	1.063208	1.599683	0.664911	0	0	0	0	0	0	1.361269	0	0	1.042827	1.269592	2.055566	0	2.537004	0	0	1.224714	1.986929	0	0	0	0	0	2.027976	0	5.239368	2.22939	0	0	3.970638	1.966463	0	0.991607	1.129709	0	1.066928	1.910751	2.36995	0	1.228034	2.336984	0	2.735513	0	3.612557	5.491167	3.127291	3.10259	2.231331	1.541658	2.394108	1.578772	4.960666	2.690204	3.492577	4.185655	2.860355	4.530055	1.321791	0.896546	4.591391	2.36525	1.110666	1.145572	0.846182	1.766342	0	0	0	0.940139	0.755239	0	0	2.646899	1.237708	1.589138	1.245677	1.439632	2.014762	2.458851	1.383164	1.406082	1.520748
Pdcd4	0	0	0	0	0	1.239109	0	0	0	0	0	0	0	0	0.584476	0	0	0	0	0	0	0	0	1.224714	0	0	0	0.688428	0	0	1.433996	0.962451	0	1.576417	1.406174	0	0.935888	1.703007	1.079584	0.991607	0	0	0.533464	0	0	0	0	0	0	0	2.147519	1.564283	0	1.563646	1.053897	1.57779	1.090117	0	0	0	0	0	0	1.430178	0	2.019069	1.552862	1.384357	0	0	1.145572	0	0	0	0	1.065459	0.940139	0.755239	0	0.911429	0	0	0	0	0	0	0	0.79857	0	1.075331
Pdgfrl	1.079395	0	0.737832	0	0.868106	0	0	0	0	0	0	0	0	0	0	0	0	0	2.373563	0	0	0	0	0	0	0.650986	0	0	0	0	0	0	1.980295	0	0	0	2.09271	0	0	0	0	0	0.533464	0	1.184975	0	0	0.916641	0	1.266296	0	1.806279	1.467576	1.563646	1.053897	2.231331	1.541658	2.764478	0	0	0	2.590165	1.582029	0	1.743619	0	0	1.384357	0	0	0	0	0	0	0	0	0	0	0	0	0.8823	0.618854	0	0	0.643823	0	1.639234	1.129349	1.722091	1.862528
Pfdn5	0	0	1.475663	0.926098	0.613844	1.752365	0.664911	0	0.966195	1.826046	1.190223	1.682039	0	1.361269	1.012341	2.408648	0.73739	1.269592	0	0.884367	1.46474	2.335345	1.584609	2.449429	3.441462	0.650986	1.556904	0.973585	0.781298	1.340171	2.027976	1.924902	1.296407	1.114695	2.435566	1.633937	2.09271	3.545091	1.869894	0.991607	0	1.18578	1.923433	1.351105	0.684146	0	2.127018	0	0	1.033927	2.479741	1.277232	2.075466	3.127291	2.356586	3.155579	2.180233	0	2.232721	0	1.345102	1.561928	0	0	1.949425	1.526273	1.793091	3.662663	0	0.785359	1.403034	1.892121	1.019798	0	1.524543	1.065459	0.664778	1.068069	1.283141	0	0.8823	1.071887	1.589138	0.622838	1.287646	1.424652	1.639234	0.79857	1.406082	1.075331
Pfn1	2.855811	1.970659	0.737832	0.926098	1.372596	1.239109	0	0	1.366406	4.831264	4.760893	1.682039	3.133042	2.722538	1.431667	3.406343	2.21217	4.014802	3.356725	1.977505	1.46474	1.973727	2.744623	1.499963	1.986929	0	0	0.973585	0.781298	1.641367	1.433996	2.806003	2.117024	1.930708	2.296273	0	2.476128	2.408415	1.869894	2.623545	3.481997	2.651485	3.657246	3.309517	2.982122	2.988072	2.745968	1.944489	2.108654	1.9343	2.772435	1.806279	0	3.496418	2.65225	3.155579	2.437575	2.394108	3.530243	3.774501	2.516456	4.620246	2.501407	4.522619	1.743619	3.579427	2.973505	3.390967	2.36525	3.512233	1.403034	2.675864	3.059393	2.231679	2.410513	2.382438	2.396893	1.998174	2.457029	0	4.411498	3.274668	1.716465	1.761653	2.879263	1.592809	2.839237	2.395711	1.406082	2.634012
Phgdh	0	0	1.277962	0.756156	0.868106	0.7154	0	0	0	0	2.061527	0	0	0	0.826573	0	1.277197	1.269592	1.678363	0	0	1.248295	1.120488	1.499963	0	0	0	0	0	0.670085	0	0.680556	0	0	1.406174	0	0	0	0	0	0	0	1.306715	0	1.368291	2.112886	0	0	0	0.731097	0	0	0	0	0.608468	0	0	0	1.578772	0	0	0	0	0	0	0	0	0	0	0	0	0.846182	1.019798	0.789018	1.078014	0	0	0.755239	1.047681	0.911429	1.24776	1.515877	0.648763	0	1.439632	0.712326	0	0	1.406082	1.075331
Phlda1	1.869567	0	1.649842	1.195587	3.189625	2.262293	1.329821	0	0.966195	0	0	1.189381	0	0.962562	1.938486	0	0	1.269592	1.678363	1.768734	0	0	0	0	0	0.920633	0	0	1.104922	0	0	2.041667	0.748481	0	2.147967	0	0	0	1.079584	0	2.113492	0	0.754432	0	0.684146	0	0	1.296326	2.108654	0	2.147519	0	1.467576	0	0	2.231331	0	0	0	0	0	1.352669	0	0	0	1.321791	1.267907	1.384357	0	1.923729	0	0	1.442212	0	0	0	0	0.755239	0	0	0	1.956988	2.151703	3.175865	1.115134	0	0.819617	0.79857	0.99425	1.520748
Pik3ip1	0	0	0.737832	0	0	0	0	0	0	0	0	0	0	0.962562	0	1.966653	0	0	0	0	2.071455	0	0	0	0	0	0	1.192393	0	0	0	0	0.748481	0	0	0	0.935888	0.983231	1.079584	0.991607	0	0	0	0	0	0	0	0	2.108654	0	1.239871	2.019481	0	0	0	0	0	0	0	0	0	1.10445	1.118663	0	1.232925	0.763136	0	0	0	0	0	0	0	0	0	0	0	0	0	0	0	0	0	0	0	0	0	0	0.99425	0
Plcl1	0	0	0	0	0	0	0	0	0	0	0	0	0	1.361269	0	0	0	0	0	0.884367	0	0	0	0	0	0	0	0	0	0	0	0	0	1.114695	0	0	0	1.703007	0	0	0	0	0	0	0.967528	0	0	0	0	0	1.239871	0.903139	0	1.563646	0.860504	0	0	0	1.578772	1.609453	1.345102	1.10445	1.118663	0	2.465849	1.321791	0	0	0	0	0	0	0	0	0	0	0	0	0	0	0	0	0	0	0	0	0	0.79857	0	0
Plk1	1.869567	3.413281	1.475663	0.534683	1.736212	0	1.880651	0	2.160477	0	0	1.189381	2.713294	0	2.024683	0	0	1.269592	1.186782	1.977505	0	1.528842	1.120488	0	0	1.841266	2.461681	0.973585	1.747035	2.59523	0	2.152106	0	0	2.567312	1.334104	0	1.703007	0	0	1.59765	0	0.754432	0	1.529796	0	0	1.714878	0	1.9343	0	0	0	0	1.609855	0	0	0	0	0	0	0	0	0	0	1.706425	1.267907	0	0	0	1.145572	1.465631	0	1.115839	0	0	1.48649	1.510478	1.481644	1.822858	0	0	0	0	0	1.592809	0	0	0	0
Pmp22	0	0	1.043451	0.926098	0.868106	1.011728	0	1.576417	0	0	0	0	0	0	0	0	0.73739	0	0	0	1.46474	0	0	1.224714	1.986929	0	0	0	0	0	0	0	1.980295	0	0	0	2.292449	1.703007	0	0	0	0	1.306715	0	1.810079	0	0	1.714878	0	1.790813	1.239871	1.806279	0	0	0.860504	0	0	1.954781	0	0	2.853393	1.352669	2.237327	0	3.262012	0	0	1.384357	0	0	0	0	0	0	0	0	0	0	0	0	1.24776	1.515877	2.901355	0.622838	0.643823	0.712326	1.159114	1.383164	2.223211	1.075331
Pnrc1	0	0	0	0.534683	0	1.011728	0	0	0	0	0	0	1.566521	0	1.012341	1.966653	1.277197	0	1.186782	0	1.46474	0	0	1.224714	0	1.127541	0	1.192393	1.913781	0.670085	2.027976	0	0.748481	1.114695	0	0	2.292449	1.390499	1.869894	2.2173	0	0	0.533464	0	0.684146	0	0	1.122651	0	0	0	1.806279	1.467576	2.211329	0.860504	0	1.541658	0	0	1.138055	2.516456	1.10445	0	3.197974	1.949425	1.526273	1.793091	0	0	1.923729	1.403034	0.846182	1.019798	0.789018	1.524543	0	0.664778	0	0	0.911429	0.8823	0.618854	0	0.622838	0.643823	1.007381	1.639234	0	0	0
Prelp	0	0	1.649842	1.690816	0.613844	0	0	0	0	0	0	0	0	5.183557	0	3.406343	1.80623	0	0	0	2.071455	0	0	0.866004	1.986929	0	0	0	0	0	0	0	1.058512	1.114695	0	0.943354	3.858766	0	1.526762	0	0	0	0.923987	0	1.368291	0	0	0	0	1.033927	2.479741	2.554464	0	3.127291	1.490436	4.174439	1.090117	2.764478	0	3.01101	2.126793	5.791784	2.237327	1.430178	3.262012	1.079238	0	0	0	2.221331	0	0	0	0	0	0	0	0	0	0	0	1.071887	0	0	0	0	0	0	0	1.520748
Prrx1	3.238185	0	3.130354	1.852196	3.007207	2.478218	1.880651	2.730434	0.966195	0	0	1.189381	2.215395	2.152355	0.584476	3.406343	1.648854	2.539184	0	0	2.537004	0	0	0	0	0.920633	0	0	0.781298	0	0	0	3.175537	1.114695	0	0	2.647092	2.601386	1.079584	1.402344	1.786227	2.37156	3.415838	1.910751	2.163458	5.59017	1.736703	4.047776	2.982087	3.350305	1.239871	3.723739	0	0	2.980872	1.57779	2.670229	3.657061	1.578772	2.787654	3.00774	2.469625	5.002815	1.430178	2.306591	3.237714	0	0	1.672484	0.785359	0	0	0	0	0	0	0	0	0	0	4.043204	3.389603	2.512647	2.568029	2.321336	3.835992	3.572628	3.659509	3.297554	3.225993
Prss23	0	0	1.807311	2.673415	3.248155	0.7154	0.664911	0	3.055376	2.582419	0	0	1.566521	0	0	0	0.73739	0	0	0	0	0	0	0	0	0	0	0	0	0	0	0	2.366905	0	0	0	1.323546	0.983231	1.526762	1.717513	1.129709	1.18578	0.923987	5.889329	4.43377	2.988072	1.736703	5.225656	4.217307	0.731097	0	2.855977	1.467576	4.422658	1.490436	3.155579	1.888137	5.699117	1.578772	0	1.647407	2.815806	1.118663	2.47714	4.775097	0	0	1.957776	0	2.077865	0	0	0	0	0	0	0	0	0	0	4.66869	4.505326	4.94083	5.059963	3.154075	3.632164	3.755957	5.646744	6.128968	4.301324
Prx	0	0	0	0	0	0	0	0	0	0	0	0	0	0	0	0	0	1.269592	0	0	1.46474	0	0	0.866004	2.809942	0	0	0.688428	0	0	1.433996	1.800581	0	1.114695	1.148137	0	0	0	0	2.2173	1.129709	1.676946	0	0	1.184975	0	0	0	0	1.9343	2.479741	2.019481	2.075466	1.563646	0.608468	1.57779	1.090117	0	3.530243	0	1.902262	1.561928	0	0	1.949425	0.763136	1.267907	1.957776	1.672484	1.110666	0	0	0	0	1.078014	0	0	0.755239	0	0	0	0.618854	0	0	0	0	0	1.129349	0	0
Ptms	1.526495	0	0	1.3097	0.868106	0	0.940326	2.22939	0.683203	0	1.190223	1.682039	0	0	0	0	2.445646	3.109852	1.186782	0	0	2.16211	1.940742	1.499963	2.809942	1.952958	1.100897	1.376857	2.209844	1.641367	3.512558	0.680556	1.296407	2.949206	2.296273	0	1.621006	1.703007	3.413944	1.983214	1.786227	0	0.533464	1.351105	0	0	0	1.587668	0	1.266296	1.239871	1.564283	0	4.137018	2.107795	2.732812	0	1.954781	0	2.27611	0	1.912963	2.501407	2.860355	2.135488	2.289409	1.267907	2.397776	1.672484	1.570718	0	1.196683	1.248992	1.366619	0	0	0.664778	1.308112	0	0.911429	1.24776	1.3838	1.589138	0.880827	0.643823	1.424652	0.819617	1.129349	0	1.862528
Rbpms2	0	0	0.737832	0	0.868106	0	0	0	0	0	0	0	0	0	0	0	1.277197	0	1.186782	0	0	1.248295	0	0	0	0.920633	2.201794	1.376857	0	1.641367	0	0.680556	0	0	0	2.109404	0	0	0	0	1.59765	0	0	0	0.967528	0	1.228034	0.916641	0	1.033927	0	0	0	0	0	0	0	0	0	0	0	0	0	0	0	0	0	0	0	0	3.436717	1.465631	2.039596	2.952233	1.078014	1.845429	1.994335	1.84995	1.814636	1.288955	0	1.071887	0	0.622838	1.439632	1.233785	1.832719	0.79857	0	0
Rcn2	1.526495	1.970659	1.807311	1.852196	1.624077	1.752365	1.628692	1.576417	1.183342	0	0	1.682039	0	1.361269	1.546377	0	2.331832	2.198997	1.678363	0.884367	1.46474	1.248295	1.120488	1.732008	1.986929	1.455649	0	0.973585	0	0.670085	2.867992	0.962451	2.117024	1.576417	0.811855	0	2.476128	1.390499	1.526762	1.402344	2.113492	2.37156	1.306715	1.351105	2.269054	0	1.228034	1.944489	0	2.067853	2.147519	2.389482	0	0	1.924145	0	3.083315	1.954781	0	2.27611	2.329785	2.590165	3.35599	1.430178	2.465849	1.869295	2.196079	1.957776	3.344968	1.756116	0	1.196683	0	1.578035	1.524543	1.065459	1.15143	1.068069	1.283141	0	2.790076	1.856562	2.674917	2.330448	2.135319	1.884637	1.832719	3.092849	2.223211	1.520748
Rgs2	0	0	0	1.069366	0	0.7154	1.151659	0	0.683203	0	2.66142	0	2.215395	2.152355	0.826573	0	1.47478	0	0	0	0	0	0	0	0	0	0	0	0	0	0	0	0	0	0	0	2.959539	1.966463	0	0	0.798825	0	0.533464	0	0.684146	0	0	0.648163	0	0.731097	0	0	0	2.211329	0	0	1.541658	0	0	0	2.126793	1.10445	0	0	0	0	0	2.397776	0	0.785359	0	0	0	0	0	0	0	0	0.740822	0	0	0	0.648763	0	0	0	0	0	0	0
Rnf13	1.079395	1.970659	1.043451	1.195587	0.613844	1.4308	1.628692	0	1.366406	0	0	1.682039	0	1.667207	1.653147	0	1.950951	0	1.186782	1.250684	0	0	0	0.866004	0	1.952958	0	1.94717	1.104922	0.947644	0	1.178757	1.058512	2.22939	2.435566	0.943354	0.935888	0.983231	1.526762	1.717513	1.383605	0	1.192862	0	0.967528	0	0	0.916641	0	0.731097	0	1.806279	0	2.211329	0.860504	0	1.888137	0	1.578772	0	1.345102	2.2089	0	2.860355	2.135488	1.706425	0.896546	0	0	2.077865	0	0.846182	0	0	0	1.065459	0	0	1.047681	0	0	1.071887	1.12369	0.880827	0.643823	1.233785	1.639234	0	1.722091	0
Rpl10	3.579949	0	2.447111	1.852196	0.868106	2.262293	2.102632	2.22939	0.966195	4.083163	4.907416	2.659537	1.566521	3.334414	3.147497	3.679271	2.331832	3.590948	3.560345	2.501368	4.142909	2.791271	2.505487	3.570625	3.441462	3.189167	2.696636	3.301587	3.494069	3.964279	4.301987	2.635781	2.117024	2.730434	3.037684	2.495881	3.374393	3.406014	4.18121	4.544114	3.389127	4.436783	4.300926	3.821501	2.736582	0	4.254035	2.245302	0	2.532593	4.470417	3.128566	3.882842	4.422658	3.848289	3.155579	4.360466	0	3.157545	2.27611	3.558806	1.912963	2.740155	2.022577	1.743619	2.751528	2.973505	4.591391	2.896827	2.831653	2.561578	2.072715	2.884424	1.764297	1.524543	2.130918	2.204821	0.755239	2.457029	1.822858	3.417131	3.031753	1.946288	2.491354	3.345401	2.136978	3.066726	1.59714	4.099398	2.634012
Rpl11	3.579949	0	2.213495	2.268467	1.624077	2.262293	2.39737	4.72925	1.527688	7.304185	5.049689	2.060068	4.144625	5.093402	3.506854	5.385901	2.759061	4.750378	3.752933	2.796615	4.631914	3.53071	4.481951	4.821705	5.256921	4.462935	2.696636	4.514327	2.923348	4.642488	4.756026	4.026221	3.34731	4.985067	3.720388	3.128752	4.079442	4.715412	5.813737	4.958034	3.746821	3.749766	4.267714	2.702209	3.281047	4.225771	5.491936	2.898672	3.652295	3.727875	2.479741	4.863554	6.397016	4.137018	4.713172	3.864779	3.447251	2.394108	6.31509	5.089536	5.209558	5.180329	2.959705	4.290533	4.270977	4.94569	5.071627	4.795552	5.017452	6.710112	3.339889	2.806469	2.599984	1.93269	1.867176	3.841567	2.897702	1.84995	3.552858	2.038017	3.74328	3.764342	2.427448	2.330448	3.642012	2.849304	2.955171	1.95609	2.812164	2.404513
Rpl12	3.739134	3.941317	4.488054	4.277463	4.593585	4.799048	3.518377	6.871441	3.055376	6.32561	6.184581	4.288374	6.067109	4.616287	4.602165	4.817296	3.759967	4.750378	4.747127	4.843879	7.611011	5.788104	5.489246	6.480579	6.283222	5.712378	6.227614	6.080035	5.241104	5.402401	5.735983	5.315309	4.428074	5.792125	6.983843	5.580959	4.863018	6.140278	6.912709	4.651048	4.5889	6.046315	5.032691	4.053314	4.640101	5.175492	4.427741	4.936261	2.982087	4.79412	4.295038	5.418836	5.870305	6.815773	5.017555	5.903548	5.970814	2.394108	6.698164	4.960666	4.358629	5.296756	5.002815	5.720711	3.698774	7.319748	5.94701	6.921783	8.36242	6.710112	6.169096	4.860948	6.368635	4.463357	4.940083	5.932224	4.83966	3.924336	5.342144	5.074622	3.417131	4.058097	4.400123	4.576909	4.270637	3.701354	3.665439	3.829808	3.977	3.877161
Rpl17	2.855811	0	3.460737	2.507885	2.035889	3.118356	2.898278	2.730434	2.816918	4.083163	3.763816	3.146806	2.215395	4.083807	3.60295	3.406343	3.040337	2.838894	4.596386	3.752052	4.631914	3.744884	3.716237	3.968528	3.973859	3.851285	2.9127	4.408093	3.664611	4.130684	4.301987	3.727557	2.245444	4.985067	4.803	3.653595	4.389705	3.932926	4.580286	4.651048	3.83103	4.275391	3.457243	1.351105	2.163458	2.112886	1.736703	2.825276	2.108654	3.429147	4.295038	4.424461	5.291421	4.422658	3.799881	2.732812	5.558526	1.954781	4.465443	3.598846	4.035306	4.93925	4.612367	5.539054	3.800129	5.555717	5.453474	6.493208	7.095749	4.841279	3.712079	4.230912	3.532683	3.528594	3.886836	5.327294	3.579941	3.113929	3.629272	3.529949	2.790076	3.555046	2.674917	3.236363	3.69848	3.341105	3.174363	2.258698	3.297554	2.634012
Rpl18a	3.891814	1.970659	3.299683	3.163227	2.035889	3.278374	2.741497	5.228383	3.130829	6.05631	5.951116	3.944731	3.133042	4.616287	4.527329	4.817296	3.901902	3.808775	4.596386	4.14805	7.024645	4.753364	3.169218	5.049626	3.973859	4.739249	5.720429	5.420691	3.580356	4.642488	6.250643	5.138082	3.58959	6.403435	5.624698	4.002313	5.039913	5.733175	6.010868	5.949641	3.660676	3.137279	3.578587	3.309517	3.684237	4.724556	3.883385	3.175337	2.982087	3.868599	5.40447	5.782913	6.5632	6.633987	5.304501	6.110753	4.751708	3.09078	6.114559	4.960666	4.461199	5.35402	4.876141	6.234	4.089149	5.062075	6.080668	6.343919	6.689936	5.608586	4.723316	4.634732	4.890778	3.70082	3.734351	4.997445	4.508747	3.113929	4.626432	5.155821	2.926256	3.155549	4.254222	2.854204	3.282865	2.936995	3.755957	2.766328	2.812164	2.150662
Rpl23a	2.413601	0	3.299683	3.465141	1.841531	3.278374	2.205259	4.45878	2.732812	5.164839	3.36646	2.060068	3.133042	3.85025	3.506854	4.817296	3.214209	3.590948	4.596386	3.537469	4.631914	4.753364	4.33963	4.242535	5.256921	3.795868	4.263756	4.072797	3.314765	4.444844	5.553842	4.565306	2.898855	3.697025	3.807938	4.002313	3.62468	4.397145	5.063697	4.207032	3.746821	2.651485	3.017729	2.340182	2.559839	2.988072	3.684103	3.040153	0	3.10178	3.719612	4.69285	4.402729	6.815773	4.302518	6.110753	3.776275	1.382239	5.692345	3.598846	4.035306	5.061226	2.959705	4.522619	3.800129	5.555717	5.670252	6.781934	5.793655	5.089709	3.339889	4.058148	3.143228	3.945088	2.640585	3.369277	3.389718	2.925027	3.143042	3.529949	2.161184	2.396811	2.901355	2.854204	3.087666	2.758826	2.955171	2.879286	2.435405	2.150662
Rpl28	2.15879	1.970659	2.333228	1.927827	1.736212	2.023456	2.102632	4.72925	1.366406	4.831264	3.763816	3.944731	0	3.334414	2.186907	4.817296	1.950951	2.838894	3.356725	2.653102	3.875337	3.418595	3.716237	4.974813	5.960788	2.911298	3.969341	4.243758	3.664611	3.481866	4.756026	3.727557	3.175537	5.460867	4.592547	2.495881	4.079442	4.816831	5.609682	3.966427	2.988929	1.18578	2.970203	1.351105	2.466722	4.225771	3.008057	2.970255	2.108654	2.831525	3.506884	4.038962	4.8674	2.708314	4.752287	3.155579	4.494666	3.09078	5.469028	4.407668	3.804523	2.590165	2.740155	4.290533	3.698774	4.383885	4.299681	4.591391	4.096732	4.712155	3.339889	3.688424	2.391638	2.495093	2.640585	3.986582	2.574676	3.37753	3.143042	2.734287	2.49552	2.697522	3.243814	2.412243	2.230268	2.362518	2.007644	1.383164	2.812164	3.225993
Rpl3	2.855811	0	2.760713	2.673415	3.683062	2.770732	3.641866	3.152833	2.265928	3.162805	5.049689	3.761153	4.144625	4.083807	3.832663	6.372684	3.379146	3.808775	5.566499	2.653102	6.039276	4.586527	5.010974	4.743298	5.960788	4.694326	4.670711	5.635029	4.207417	4.642488	5.170345	3.849804	2.993925	4.317195	3.977262	4.424724	4.389705	4.053967	5.288859	5.24709	3.83103	3.749766	4.333884	3.021162	3.809162	4.724556	5.352877	2.898672	3.652295	2.532593	4.112185	4.863554	5.083833	5.186026	3.599745	5.232936	5.228015	2.764478	4.736317	4.828358	4.253586	5.00061	2.740155	6.234	4.530055	4.641978	4.910582	4.37772	6.477503	4.904566	3.436717	3.877695	3.676933	1.93269	4.312058	4.520359	4.557491	2.723052	4.857895	4.076034	3.301263	2.96792	2.339147	3.354088	3.916221	3.966063	3.174363	2.525301	3.584819	2.150662
Rpl32	4.038727	3.413281	3.762218	4.376568	2.675682	5.353562	3.761303	5.683851	4.211546	4.472881	6.068971	3.364078	0	5.359321	4.748302	7.225944	3.612459	6.088748	5.307449	3.752052	6.214364	4.834624	5.010974	5.99985	6.283222	4.957761	5.279717	5.881935	5.469084	5.147023	7.311972	5.570588	3.58959	6.499732	5.134623	4.621473	5.53679	6.295753	9.411593	5.782012	5.114976	4.107662	4.463282	4.680364	3.930117	3.659625	4.594883	3.608818	4.715093	4.070573	6.442556	5.711955	7.038248	7.498981	5.509912	7.400489	6.980152	3.38578	5.692345	6.635944	7.053775	7.964302	6.618102	7.150888	5.582304	6.475428	6.827887	10.359576	8.528029	6.428442	5.05871	6.218145	5.53892	3.783995	4.573628	4.393	5.10626	3.996348	4.857895	5.314499	4.043204	4.375959	3.37107	3.577934	4.642672	4.153538	3.477341	3.480887	4.768255	2.634012
Rpl36	3.739134	0	2.086903	2.726359	1.227687	3.355523	1.759188	4.170806	2.556311	4.472881	4.123054	2.060068	4.144625	3.727988	3.092754	1.966653	2.445646	3.808775	2.907009	1.977505	4.142909	2.92751	3.543293	3.774823	5.619885	3.25493	3.651262	4.014193	3.906488	3.282735	5.170345	3.536271	2.80056	4.01909	3.037684	4.002313	3.242012	4.715412	4.828045	3.575289	3.093836	2.651485	3.064519	0	3.059592	4.225771	1.736703	2.672444	2.982087	2.924386	3.719612	4.331304	5.491167	6.055974	3.848289	5.232936	4.494666	0	6.114559	2.544768	2.853393	3.219997	1.937582	4.743363	3.698774	3.237714	4.482728	5.179788	4.096732	4.579391	3.712079	3.166125	3.382287	2.087544	3.234043	3.690858	3.046397	3.020955	2.671072	3.410255	3.529198	2.625575	2.973005	2.491354	2.731509	1.424652	2.458851	1.95609	2.630538	3.041495
Rpl37	2.643967	2.786932	2.66029	2.879356	2.035889	4.351607	3.257384	5.460867	2.463323	4.083163	3.57067	3.364078	2.713294	3.470568	3.506854	4.817296	2.658698	4.917108	3.936109	3.308999	3.587865	4.233173	1.940742	3.968528	4.866963	4.318152	5.163665	4.014193	3.827561	3.213617	4.756026	3.789173	1.980295	4.45878	4.139666	4.322992	3.10399	5.294863	5.504819	4.958034	3.746821	2.37156	2.822827	1.910751	2.736582	3.659625	3.008057	2.672444	2.108654	2.636006	4.112185	4.331304	4.8674	4.422658	3.848289	2.732812	5.1131	1.954781	6.509446	4.407668	3.558806	4.348224	4.033398	4.954281	3.487238	4.826499	6.21145	5.36159	6.689936	5.326565	4.436783	4.14543	4.386316	3.15607	3.408981	4.261836	3.70133	3.776194	4.444932	4.822829	1.972882	3.445634	2.973005	2.785418	2.493515	3.264287	2.318227	2.258698	2.812164	4.164739
Rps13	3.891814	0	2.857609	2.450225	2.126417	2.372713	3.1888	5.228383	1.93239	6.05631	5.049689	3.364078	1.566521	3.334414	3.092754	3.679271	2.759061	4.014802	3.936109	2.339816	4.394219	3.744884	3.361463	4.821705	3.973859	4.012947	3.481342	3.894339	2.923348	4.237992	2.867992	3.470166	1.980295	4.317195	3.144302	2.668209	3.858766	4.611764	5.397919	3.840477	3.481997	3.353892	3.457243	3.021162	3.351615	2.988072	4.072929	2.672444	0	2.924386	3.920815	5.108928	6.050972	4.422658	3.442015	5.688801	2.180233	3.38578	3.867187	3.414165	2.690204	3.492577	2.237327	4.290533	3.487238	4.578819	4.205171	4.15307	2.36525	4.15573	3.339889	3.877695	3.059393	1.93269	3.234043	4.393	3.641141	1.688765	3.313057	2.57791	2.926256	3.864742	1.946288	2.568029	3.345401	1.884637	2.168503	1.95609	3.850714	2.404513
Rps15	4.180479	3.413281	3.762218	3.74278	2.812985	4.171462	3.257384	5.683851	2.646034	6.05631	4.760893	4.450256	3.837177	4.195712	4.295001	4.171901	3.901902	4.917108	3.752933	2.933114	5.858959	5.512319	5.489246	6.363802	6.589899	4.827841	4.539115	5.376798	4.816242	5.190459	7.025116	5.52886	3.429972	5.898411	5.261423	4.524168	4.288779	6.140278	6.477503	5.609375	5.648546	4.107662	4.619936	4.272568	4.43377	5.976143	3.684103	4.047776	3.652295	4.565696	4.639171	5.567325	5.870305	5.186026	5.408181	7.23034	5.870457	2.394108	6.509446	5.089536	3.558806	6.099524	5.12636	5.539054	3.143354	5.39619	6.52695	4.15307	5.547002	6.523683	4.05021	5.006083	4.560674	2.952233	4.312058	6.027146	4.308257	3.113929	4.743576	3.757918	3.945763	4.793623	3.726858	2.785418	4.071893	4.505144	4.015287	3.194281	4.099398	3.566469
Rps15a	2.643967	0	3.538516	3.11771	1.624077	2.146199	3.118707	2.22939	2.732812	5.478139	2.061527	3.568143	1.566521	3.04389	3.555226	4.171901	1.47478	5.386422	2.907009	3.64634	4.142909	4.044937	3.169218	4.153208	3.441462	3.25493	3.813619	3.95472	4.207417	3.730877	5.553842	4.026221	1.673655	4.985067	3.893521	3.653595	3.374393	4.816831	5.913124	4.544114	3.660676	3.932787	3.288494	3.021162	2.36995	2.988072	2.456069	2.749922	0	3.014388	3.03705	3.612557	5.291421	6.055974	3.2767	4.462663	3.447251	2.764478	3.867187	4.407668	3.558806	3.492577	2.740155	4.045153	3.143354	3.815682	4.205171	3.662663	6.257862	4.579391	5.05871	3.968947	2.391638	2.087544	3.408981	3.690858	3.932882	2.504844	3.054488	3.157283	2.161184	2.96792	3.43293	2.71489	3.154075	2.758826	2.718362	1.59714	2.630538	2.150662
Rps18	3.739134	2.786932	3.460737	2.673415	1.736212	4.171462	2.898278	6.105435	1.93239	5.478139	3.57067	2.913377	4.699563	3.968747	4.091329	6.372684	3.128481	5.534022	4.747127	3.64634	4.857992	4.50079	4.481951	5.338406	7.163975	4.871533	4.539115	5.759805	4.622219	5.360683	5.553842	4.026221	3.510688	4.317195	4.938322	4.524168	4.18542	5.816875	6.201737	5.782012	3.746821	3.55734	3.956277	3.309517	3.208927	3.659625	4.594883	2.898672	2.108654	2.636006	4.112185	5.028467	5.491167	4.944682	4.867744	5.903548	5.558526	0	5.236196	3.414165	4.942221	5.180329	1.118663	7.292504	3.800129	5.175843	6.339534	4.991369	7.479576	5.608586	4.860252	4.14543	4.445195	2.367053	2.640585	5.536287	3.988671	3.204207	4.255699	5.074622	3.417131	3.962599	2.973005	3.631741	4.366619	3.185618	2.839237	2.766328	4.663446	2.634012
Rps26	5.608701	1.970659	4.42699	4.409108	3.683062	5.158822	2.741497	6.305667	3.130829	8.367995	6.068971	5.946905	3.837177	5.694596	5.227709	6.953168	4.424341	4.917108	6.166698	4.14805	6.039276	6.241473	6.722926	5.744419	7.434409	6.141389	5.044944	6.49462	5.524609	6.356988	7.025116	5.971851	2.993925	6.105435	5.965893	4.901812	5.61533	6.88262	6.741999	5.609375	5.476468	5.168695	4.431287	5.055371	4.272488	4.724556	5.063315	4.348009	3.652295	4.135706	5.94621	5.266162	9.953586	6.055974	6.20518	7.400489	7.552549	4.788216	9.732207	6.128613	5.626966	7.242363	4.185655	7.006411	4.694837	7.239748	6.76877	8.306139	8.528029	7.024466	6.115683	5.483889	5.53892	3.783995	5.496816	6.30334	5.441446	4.338516	6.15373	4.992102	4.411498	4.950833	3.892577	4.178127	4.98703	4.616399	4.985536	4.071925	4.099398	3.400495
Rps3a1	2.643967	1.970659	2.086903	2.070818	1.503604	2.023456	1.628692	1.576417	1.183342	3.652092	3.763816	1.682039	3.133042	2.357787	3.147497	2.781267	2.331832	3.359024	2.907009	1.977505	3.275258	2.496589	1.940742	4.743298	0	3.682533	3.813619	3.51031	3.494069	2.321244	4.055952	2.357514	1.296407	3.344085	2.567312	0.943354	3.501773	2.780998	3.892495	2.428931	2.113492	2.053831	3.373924	3.021162	2.559839	0	3.684103	1.833281	0	1.9343	2.772435	2.855977	4.640883	4.137018	2.508778	3.155579	2.670229	0	3.530243	1.609453	2.853393	2.705339	2.501407	2.47714	3.143354	2.751528	4.299681	2.768713	3.739788	3.331997	3.339889	2.538547	2.039596	1.578035	2.640585	2.609831	2.820416	1.308112	2.671072	2.734287	2.926256	2.697522	1.450678	1.868515	2.731509	2.568327	2.839237	1.59714	3.444183	1.862528
Rps9	4.579486	3.413281	3.216133	3.163227	2.296792	3.355523	3.1888	6.688169	3.130829	7.747258	5.582642	5.578692	2.713294	5.445075	4.924879	6.953168	5.108789	5.534022	4.111132	4.509406	5.672912	5.720404	5.489246	6.480579	6.589899	5.894928	4.263756	6.30955	4.622219	5.685863	6.250643	5.182957	3.510688	5.683851	5.004612	4.901812	5.376269	6.522019	6.996503	5.339966	4.859063	5.433927	4.333884	3.821501	3.74722	4.724556	4.427741	3.608818	4.217307	4.447086	5.681801	5.418836	6.883543	5.637805	4.943217	6.311158	5.558526	2.764478	5.236196	5.089536	5.863164	4.486297	4.185655	8.339297	4.445373	6.008943	5.94701	6.639141	8.849954	6.133851	5.493972	5.006083	4.014948	2.844843	2.852158	3.986582	3.517677	3.37753	4.190722	4.822829	3.945763	4.753508	3.43293	2.987028	4.122477	3.632164	3.844345	2.879286	4.768255	4.164739
S100a10	2.15879	0	1.952119	2.564249	2.296792	3.035184	2.741497	3.524975	2.732812	6.32561	3.947524	2.378762	2.713294	2.722538	1.753427	3.406343	3.128481	3.109852	2.373563	1.250684	2.537004	3.418595	1.120488	1.499963	1.986929	2.521258	0	1.192393	1.913781	0	3.206512	1.667014	2.482431	4.01909	1.406174	0.943354	2.09271	3.808039	3.053524	3.575289	3.1953	5.433927	3.578587	0	3.684237	0	4.594883	3.175337	2.108654	3.014388	3.719612	2.019481	2.541917	3.127291	4.302518	3.155579	2.884177	3.38578	5.469028	4.103315	3.154544	3.492577	1.937582	3.783894	4.359047	2.955615	2.535814	3.662663	2.36525	7.024466	1.984189	0.846182	1.612442	1.366619	1.867176	0	0.940139	1.068069	0	0.911429	3.181176	2.475416	1.12369	1.868515	3.345401	2.665279	2.007644	1.785657	1.722091	1.520748
Sepp1	1.079395	0	0	0.534683	0	0	0	0	0	0	0	0	0	1.361269	0	0	0	0	0	0	0	0	0	0	0	0	0	0	0	0	0	0	0.748481	2.730434	0	0	2.647092	1.390499	0	0.991607	0	0	0	0	0.684146	0	0	0.648163	0	0.731097	0	1.277232	1.467576	3.496418	0	2.231331	1.541658	1.382239	0	2.27611	2.690204	1.10445	0	2.022577	0.871809	0.763136	0	2.397776	0	0.785359	0.810042	0	0	0	0	0	0.664778	0	0	0	0	0	0.648763	0	0	0	0	0	0	0
Serpina3n	0	0	0	0	0	0	0	2.22939	0	0	0	0	0	1.361269	0	1.966653	0	0	0	0	0	0.882678	0	0	0	0	0	0	0	0	0	0	1.980295	6.594624	0	0	2.476128	2.198572	1.869894	1.402344	0	0	0	0	0	0	0	0	0	1.634782	2.772435	0	0	1.563646	1.924145	1.57779	2.437575	2.394108	0	1.971169	2.329785	1.10445	5.12636	0	0	0.763136	0	0	1.672484	0	0	0	0	0	0	0	0	0	0	0	0	0	0	0	0	0	0	0	0	0
Serpine1	1.526495	0	4.04127	6.482686	3.189625	0	0	0	0.683203	1.826046	0	0	0	0	0	1.390634	3.458666	0	0	0	0	0	0	0	0	0	0	0	0	0	0	0	2.245444	0	0	0	0	0	0	0	0	1.18578	1.600393	8.218449	1.368291	0	3.473405	2.825276	2.982087	1.033927	0	0	1.467576	0	0.608468	0	0	6.628985	0	0	0	0	0	0	0	0	0	0	0	0	0	0	0.721106	0	0	0	0	0	0	0.911429	5.144646	7.778875	7.425429	12.990325	8.637789	3.022143	5.183713	6.915821	3.850714	7.132939
Serpine2	0	0	1.475663	0.756156	0	0.7154	0.664911	0	0	2.582419	0	0	0	0.962562	2.186907	2.408648	1.277197	0	0	0.884367	0	0	0	1.224714	0	1.127541	0	0.688428	0	0	2.867992	1.924902	2.245444	2.22939	1.988631	0	0	0	1.869894	0	0.798825	0	1.192862	2.702209	0.684146	0	0	1.587668	0	1.790813	0	1.277232	0	1.563646	1.721007	2.231331	0	0	2.232721	2.787654	3.154544	1.352669	5.246997	0	2.465849	1.079238	0	2.397776	0	1.110666	0.810042	0	0	0	0	0	0	0	0.740822	0	1.528188	0	3.612158	0	1.439632	0	1.159114	1.59714	0	1.075331
Sfxn3	1.079395	0	0.737832	0.926098	0.868106	0.7154	0.664911	0	0	1.826046	0	0	0	1.361269	1.012341	1.390634	0.73739	1.269592	1.186782	1.250684	0	0	0	0	0	0	1.556904	0.688428	0	0	0	1.178757	1.296407	1.576417	0.811855	0	0.935888	1.390499	0	0.991607	0.798825	1.18578	0.754432	1.351105	1.529796	0	1.228034	1.944489	0	1.266296	2.772435	1.277232	0	1.563646	1.360576	1.57779	2.884177	1.382239	0	0	0	1.561928	1.937582	2.860355	1.743619	0	0	0	2.36525	1.360282	0	0	0	0	0	0	0	0	0	0	0	1.071887	1.12369	0.880827	0.910503	0	2.007644	1.129349	0	1.520748
Slc20a1	1.869567	0	1.649842	1.414638	2.035889	1.011728	1.151659	0	1.673499	0	0	2.060068	1.566521	0	0.826573	0	2.21217	0	1.186782	1.531769	0	0	1.584609	0	0	1.722347	1.100897	0.688428	0.781298	1.160622	0	0	0	1.114695	0.811855	1.633937	0.935888	0.983231	0	0	0	0	0.754432	1.351105	1.675808	0	0	1.714878	0	1.033927	0	0	0	0	0.608468	0	0	0	0	0	0	1.10445	1.118663	0	0	1.079238	0	0	0	0	1.145572	2.238788	1.019798	1.115839	2.156029	1.506786	1.628368	1.688765	2.963288	1.822858	0.8823	0.875192	1.12369	1.868515	1.439632	0	2.458851	1.383164	0	0
Slc2a1	1.079395	0	0	1.069366	1.503604	0	1.329821	1.576417	1.183342	0	0	2.378762	0	0	1.938486	1.966653	1.042827	1.269592	0	1.768734	0	1.973727	1.120488	0.866004	0	1.127541	1.90681	1.82141	0	0.947644	0	2.453778	0	0	0.811855	1.633937	0	0	0	0	1.59765	1.676946	1.066928	1.351105	0.967528	0	0	0.916641	0	0	0	0	0	0	1.216936	0	1.541658	1.382239	0	1.971169	0	0.780964	0	0	1.232925	0	0	0	0	0	1.811309	1.196683	1.907867	3.15607	2.410513	1.845429	1.758838	2.723052	1.960031	2.57791	1.24776	0.875192	1.450678	1.245677	1.115134	0.712326	0.819617	1.129349	1.406082	1.075331
Smarca2	1.079395	0	1.277962	0.534683	0.613844	1.011728	0.940326	0	0.683203	0	0	0	0	0.962562	0	1.390634	1.277197	0	0	1.250684	0	0	0	0	0	0.650986	0	0	0.781298	0	1.433996	1.667014	0	2.730434	0	0	1.621006	1.703007	1.869894	2.623545	0	0	0	0	0	0	0	0	2.108654	1.033927	0	1.277232	0	2.211329	1.216936	2.732812	2.180233	2.394108	0	1.138055	0.951131	1.912963	1.118663	2.022577	1.510018	0.763136	2.196079	1.384357	0	0	0	0	0	0	0	1.506786	0	0	0	0	0	0	1.297526	0.622838	0	0	0.819617	0	0.99425	0
Specc1	1.079395	0	0.737832	0	0.613844	0.7154	0	0	1.527688	0	0	0	0	0	0	0	0	0	0	1.250684	0	0	0	0	0	0	0	0	0	0	0	0.680556	0	0	0	0	0.935888	0	0	1.402344	0.798825	0	0.533464	0	1.184975	2.112886	1.228034	0.648163	0	0	0	0	0	0	0	0	1.090117	0	0	0	0.951131	0	0	0	0	0	0	0	0	0	0	0	0	0.789018	0	0	0.664778	0	0	0	0	0.618854	1.12369	0.880827	0.643823	1.007381	0.819617	0.79857	1.406082	0
Ssbp2	0	0	0	0.756156	1.063208	0	0	0	0.683203	0	1.190223	0	0	0	0	1.966653	0.73739	0	1.678363	1.977505	0	0	0	1.224714	0	0	0	0	0	0	0	0	1.058512	1.114695	0	0	0.935888	1.390499	3.053524	0	1.129709	0	1.769301	0	0	2.112886	1.228034	1.122651	0	1.462193	0	0	0	0	0.860504	0	1.541658	0	0	1.138055	0.951131	1.10445	0	0	0	1.321791	2.196079	0	0	1.110666	0	0	0	0	0	0	0	0	0	0	0	0.618854	0.648763	0	0	0.712326	0.819617	0	0	0
St14	0	0	0	0	0	0	0	0	0	0	0	0	0	0	0.584476	0	0	0	0	0	0	1.248295	1.584609	0.866004	0	0.650986	1.100897	0.973585	0	0.670085	0	0.962451	0	0	0	1.334104	0	0	0	0	0	0	0	0	0	0	0	0	0	0	0	0	0	0	0	0	0	0	0	0	0	0	0	0	0	0	0.896546	0	0	0.785359	0.810042	0	0	0.789018	0	1.065459	0.664778	0	0	0	0	0	0	0	0	0	0	0	0	0
Tagln2	4.45046	5.573864	2.857609	5.373497	6.260001	2.023456	3.518377	3.524975	4.973792	5.774465	4.760893	3.146806	0	2.152355	3.457804	3.679271	4.721601	3.590948	3.752933	3.955011	0	4.324219	1.584609	2.121267	0	3.739629	3.651262	2.482164	2.923348	2.010256	1.433996	2.041667	1.833397	0	3.144302	1.334104	1.323546	2.408415	4.039433	0.991607	6.683449	4.74312	4.801178	2.702209	4.640101	3.659625	4.072929	3.723412	2.108654	3.727875	0	0.903139	0	3.127291	2.65225	1.57779	0	3.38578	0	4.103315	0	0	1.118663	0	0	2.955615	2.535814	0	0	3.423301	1.620084	1.196683	3.143228	2.367053	2.410513	1.506786	1.628368	1.068069	2.222466	1.288955	4.751328	4.753508	4.154109	4.660896	4.817929	3.769274	4.098085	4.446251	4.218245	4.687259
Tarbp2	0	0	0.737832	0	0	0	0	0	0	0	0	0	0	0	0	0	0	0	0	0	0	0	0	0	0	0	1.100897	0.688428	0	0.670085	0	0	0	0	0	0	0	0	0	0	0	0	0	0	0.684146	0	0	0.648163	0	0	0	0	0	0	0	0	0	0	0	0	0	0	0	0	0	0	0	0	0	0	0	0	0	0	1.078014	0	0	0.755239	0	0	0.8823	0.618854	0	0.622838	0.643823	0	0	0	0	0
Tars	1.079395	0	1.649842	1.414638	1.503604	1.011728	1.151659	1.576417	1.527688	0	2.380446	0	0	1.925125	1.168951	1.390634	1.042827	2.198997	0	1.977505	0	0.882678	2.240975	1.499963	1.986929	0.650986	1.100897	2.065285	1.104922	1.340171	1.433996	0.962451	1.673655	0	1.148137	1.633937	0	2.198572	0	1.402344	1.383605	1.18578	1.923433	1.351105	1.529796	0	1.228034	0	0	1.033927	0	0.903139	0	0	0.608468	0	0	0	0	0	0	1.10445	0	0	1.510018	0.763136	1.552862	0	0	0.785359	1.403034	1.196683	2.497984	1.115839	1.078014	1.065459	1.994335	1.84995	2.671072	2.882191	1.24776	1.071887	1.297526	1.392709	1.287646	1.233785	1.639234	2.112818	0	1.075331
Tcf4	1.869567	0	0	0	0.613844	1.011728	1.329821	0	0.683203	0	0	0	0	0	1.168951	0	0	1.269592	0	0.884367	2.537004	0	0	0	0	0.650986	1.556904	0	0.781298	0	1.433996	0	1.058512	1.576417	1.406174	0	1.323546	5.816875	0	1.402344	0	0	0.923987	0	1.184975	0	0	1.122651	0	1.462193	1.239871	2.019481	1.467576	1.563646	1.490436	2.732812	1.541658	1.382239	0	1.138055	3.294814	2.066237	4.474654	0	0.871809	2.158476	0.896546	1.384357	0	0	1.145572	0	0	0	0	0	0	0.755239	0.740822	0	0	0.875192	0	0.622838	0.910503	1.007381	1.419618	1.129349	0	1.075331
Thbs1	1.526495	1.970659	7.229244	6.742095	4.754812	5.108977	2.487868	2.22939	4.266601	1.826046	0	0	0	4.908125	0	3.933306	2.949561	0	0	0	0	0	0	0	5.256921	0.920633	0	0	0	0	0	0	13.220814	1.930708	0	0	12.380638	0	0	0	2.649403	2.053831	2.872793	11.059268	6.668227	2.112886	6.613167	5.384045	5.578973	4.262989	0	5.418836	1.467576	5.416627	8.540255	4.733369	0	14.822862	0	0	14.393222	10.535781	7.162941	0	11.266261	1.321791	0.896546	7.325326	0	1.360282	0	0	0	0	0	0	0	0	0.740822	0	9.253635	12.31504	10.501143	14.646638	9.994817	6.644133	10.004701	11.293489	10.380275	11.730476
Tmem134	1.526495	2.786932	1.807311	0.926098	1.624077	2.262293	1.329821	2.730434	1.366406	2.582419	0	1.189381	0	0.962562	1.306927	1.966653	0	1.795474	2.907009	0.884367	0	1.528842	1.584609	0	0	1.841266	2.201794	0.688428	0.781298	0.670085	0	1.924902	2.117024	3.152833	1.62371	0.943354	1.323546	1.703007	2.159168	2.428931	1.59765	1.18578	1.600393	1.910751	0.967528	2.988072	2.456069	1.296326	0	1.634782	2.479741	2.709418	0	2.211329	1.609855	0	2.180233	2.394108	3.867187	0	2.329785	2.342892	0	0	2.306591	2.643582	1.793091	1.384357	0	3.141437	1.145572	0	0	0	0	1.065459	0	0	0	0.911429	0	0	0.917489	0.880827	1.439632	1.007381	0.819617	1.383164	0	1.075331
Tmem176a	0	1.970659	0	0	0	0	0	0	0	0	0	1.189381	0	0.962562	0	0	0.73739	0	0	0.884367	1.46474	0	0	0	0	0	0	0	0	0	1.433996	0	0	0	0	0	0.935888	1.703007	1.079584	0.991607	0	0	0	0	0.684146	0	0	0	0	0.731097	1.753442	2.019481	0	2.211329	0	1.57779	1.090117	0	0	1.609453	1.902262	1.561928	1.118663	0	1.232925	0	0	0	0	0.785359	0	0	0	0	0	0	0	0	0	0	0.8823	0	0.648763	0	0.643823	0.712326	0	0	0	0
Tmem176b	0	0	0	0.756156	1.227687	1.011728	0.664911	0	1.366406	0	0	0	0	2.357787	0	2.408648	1.47478	0	2.373563	0	2.537004	0	0	0.866004	1.986929	0	0	0	0	0	1.433996	0	0.748481	1.930708	0.811855	0	2.807665	1.966463	1.526762	0	0	1.18578	0	1.910751	0	0	0	1.296326	2.108654	2.19329	2.772435	3.723739	2.541917	0	0.608468	3.864779	1.541658	0	3.157545	1.138055	1.902262	2.469625	1.937582	1.430178	1.510018	0.763136	0	3.095515	1.672484	0.785359	0	0	0	0	0	0	0	0	0	0	1.24776	0.618854	0.648763	2.065721	0.643823	1.007381	0	1.383164	0	1.075331
Tmem59	0	0	1.807311	1.690816	1.227687	1.599683	0.940326	0	2.049609	1.826046	0	1.682039	0	1.667207	1.306927	0	1.47478	0	3.560345	1.531769	1.46474	1.528842	1.120488	1.936443	0	0.650986	1.90681	0.973585	1.562595	0.947644	1.433996	1.178757	2.117024	3.524975	1.406174	0.943354	3.10399	1.390499	1.869894	2.428931	1.956714	2.37156	1.769301	2.340182	1.810079	2.112886	0	1.714878	0	2.067853	3.03705	2.389482	2.935152	0	2.276679	2.732812	3.615508	2.764478	1.578772	3.01101	3.00774	2.815806	2.237327	3.783894	2.756903	2.413249	2.372037	1.957776	4.424977	2.483524	0	0	1.907867	1.366619	0	1.065459	1.628368	0	0.740822	0.911429	1.24776	0.875192	2.427448	1.525636	1.821006	2.665279	2.007644	1.383164	0	2.150662
Tnfrsf12a	1.869567	3.413281	2.086903	1.927827	2.126417	1.599683	1.329821	1.576417	2.160477	3.162805	1.190223	1.189381	0	0	0	2.408648	2.331832	0	1.186782	0	0	1.248295	0	0.866004	0	2.521258	0	0	0	0.670085	0	0.680556	2.117024	0	0.811855	0	1.323546	0.983231	0	0	1.786227	1.18578	1.411414	1.910751	2.163458	2.112886	0	2.149713	0	1.266296	0	1.277232	0	1.563646	1.216936	1.57779	1.090117	1.954781	0	0	1.345102	1.10445	0	0	2.135488	1.079238	0.896546	1.384357	0	2.831653	0	0	1.019798	0.789018	0	0	1.15143	0	0	0.911429	1.972882	3.713124	2.427448	3.631741	2.408964	1.233785	2.318227	2.395711	2.223211	2.150662
Tuba1c	0	1.970659	1.649842	1.069366	1.736212	1.011728	1.329821	2.730434	2.265928	0	1.190223	0	2.215395	0	1.431667	0	0.73739	1.269592	1.186782	0	0	2.16211	1.120488	0	0	1.301972	1.100897	0	1.353247	1.160622	2.027976	1.800581	1.496962	0	2.296273	1.633937	0.935888	2.601386	0	0	2.880204	1.18578	1.508865	1.910751	1.368291	0	0	1.587668	2.108654	1.790813	0	0	1.467576	1.563646	0.860504	0	1.090117	1.382239	0	0	0	0	0	0	0	1.321791	1.267907	2.397776	0	1.110666	0.810042	0.846182	0.721106	0.789018	1.524543	0	1.880277	1.308112	1.283141	1.288955	1.24776	1.071887	2.051568	1.761653	1.577037	0	1.159114	1.129349	1.722091	1.862528
Tubb6	0	3.413281	2.447111	2.330629	3.189625	1.239109	2.102632	3.152833	2.898585	0	2.380446	2.060068	2.713294	0	2.024683	1.966653	2.445646	1.795474	2.055566	2.501368	0	2.496589	1.120488	1.499963	0	2.761899	1.100897	0	1.353247	1.498356	2.867992	1.178757	0	0	2.692619	0	1.323546	1.390499	0	0	2.649403	1.18578	3.331483	1.910751	1.675808	2.112886	1.736703	3.175337	0	2.19329	0	0	0	0	2.276679	1.57779	1.090117	2.394108	1.578772	0	0	0.780964	0	0	0	2.289409	1.267907	0	0	1.570718	1.811309	0.846182	1.612442	1.764297	0	1.065459	1.48649	1.068069	1.047681	0	1.972882	2.31554	3.726858	2.785418	2.879263	2.936995	1.159114	2.766328	2.630538	3.566469
Uck2	1.526495	0	1.277962	0.926098	1.624077	1.239109	1.329821	0	1.807585	0	0	0	0	1.361269	1.012341	0	0.73739	1.269592	1.186782	1.531769	1.46474	1.973727	1.584609	0	0	1.127541	1.100897	1.686298	0	1.160622	0	0.962451	0	0	1.406174	1.633937	0	0	0	0.991607	0.798825	0	1.306715	0	0.684146	2.988072	0	1.122651	0	1.266296	0	0	1.467576	1.563646	1.053897	1.57779	1.090117	0	0	0	0	0	0	0	0	0	1.267907	0	0	0.785359	1.145572	0	0.721106	2.087544	1.078014	0	1.994335	1.510478	1.047681	1.578641	0	0.618854	0.648763	1.969588	1.439632	0	0.819617	2.648558	0	2.150662
Use1	1.079395	0	0.737832	1.069366	0	0.7154	0	0	0	0	0	0	0	0.962562	0.826573	1.390634	1.277197	1.795474	2.055566	0	1.46474	1.248295	1.120488	0	1.986929	0.920633	0	1.192393	1.104922	1.160622	0	1.361111	0.748481	1.114695	1.148137	0.943354	0.935888	2.198572	1.079584	1.717513	0.798825	1.18578	0.533464	0	0.684146	2.112886	1.228034	0	0	1.462193	0	0.903139	0	2.708314	1.360576	2.231331	0	0	1.578772	0	0.951131	1.352669	1.118663	1.430178	1.232925	0.763136	1.552862	0	0	2.077865	1.811309	0.846182	1.442212	0	0	1.065459	1.15143	0	1.047681	1.288955	0	0	0	0	0.910503	0	0.819617	0	0	0
Vamp4	0	0	0	0	0	0.7154	0	0	0	0	0	0	0	0	0	0	0	0	1.186782	1.250684	0	0	0	1.224714	0	0.650986	0	0	0	0	0	0	1.058512	0	0	0	1.323546	0	0	1.402344	0	1.18578	0	0	0	0	0	0	0	0.731097	0	0.903139	0	0	0	0	0	0	0	0	0	1.352669	1.118663	0	1.232925	0.763136	0	0	0	0	0.810042	0	0	0	0	0	0	0.755239	0	0	0	0	0	0.880827	0	0	0	0	0	0
1810058I24Rik	0	0	1.277962	1.069366	0.868106	1.752365	1.329821	1.576417	0.966195	0	2.061527	2.060068	0	0.962562	1.653147	0	0.73739	0	2.055566	1.531769	1.46474	1.528842	1.584609	0.866004	3.441462	1.127541	0	0.973585	1.747035	1.498356	2.027976	1.667014	1.980295	1.114695	1.62371	1.334104	2.476128	1.703007	1.526762	1.402344	1.383605	1.18578	1.508865	2.340182	0.967528	0	0	1.296326	0	1.266296	1.239871	0	2.075466	1.563646	1.053897	1.57779	2.437575	1.382239	2.734514	1.138055	2.126793	2.815806	2.237327	4.045153	3.020036	2.019069	3.105725	2.768713	2.36525	1.110666	1.145572	0.846182	1.612442	1.115839	1.524543	0	0	0.755239	0	1.288955	1.24776	1.515877	1.450678	0.880827	1.287646	1.007381	1.159114	1.95609	1.406082	1.075331
Ypel3	0	0	0.737832	0	0.613844	0	0	0	0	0	0	0	0	1.667207	0	0	1.042827	0	0	0	2.537004	0	1.120488	0.866004	0	0	0	0.973585	0	0.670085	0	0.680556	1.296407	0	1.62371	0.943354	2.292449	1.703007	1.526762	0	0	0	0.754432	1.351105	0	0	0	0.648163	0	0	0	1.564283	0	2.211329	1.053897	2.732812	1.888137	1.382239	0	1.971169	1.902262	1.912963	2.237327	2.47714	1.743619	0	0	2.397776	2.36525	1.110666	0	0.846182	0.721106	1.115839	1.078014	0	0.664778	1.068069	1.481644	0	0.8823	0	0.648763	0.622838	0	0	0.819617	0	0.99425	0
Zfp36l1	1.079395	0	1.807311	0.534683	1.227687	1.752365	1.151659	1.576417	0.966195	0	1.68323	0	0	1.925125	1.753427	0	1.042827	1.795474	0	0	1.46474	0.882678	1.120488	1.936443	0	1.127541	1.556904	1.192393	0.781298	1.160622	0	1.361111	1.058512	1.930708	1.148137	0.943354	0.935888	0	1.869894	3.135736	1.383605	1.18578	0.533464	0	1.368291	0	1.228034	1.587668	0	2.532593	1.753442	2.019481	0	2.708314	1.360576	0	1.541658	0	0	0	2.329785	1.912963	3.35599	0	1.510018	2.019069	1.267907	0	3.739788	1.360282	2.14317	1.692365	2.163318	1.93269	1.867176	1.065459	0.940139	2.504844	1.047681	3.286204	1.24776	0	0.648763	1.761653	1.439632	0	1.159114	0	0.99425	0
